%!PS
%%BoundingBox: -28 -21 100 57 
%%HiResBoundingBox: -27.25 -20.1694 99.25 56.1694 
%%Creator: MetaPost 2.00
%%CreationDate: 2023.09.06:0730
%%Pages: 1
%*Font: lmmi12 11.95517 11.95517 41:f
%%BeginProlog
%%EndProlog
%%Page: 1 1
 0 0 0 setrgbcolor 0 0.5 dtransform truncate idtransform setlinewidth pop
 [] 0 setdash 1 setlinejoin 10 setmiterlimit
newpath 27 0 moveto
27 2.38705 24.15482 4.67606 19.09149 6.36383 curveto
14.02817 8.0516 7.16116 9 0 9 curveto
-7.16116 9 -14.02817 8.0516 -19.09149 6.36383 curveto
-24.15482 4.67606 -27 2.38705 -27 0 curveto
-27 -2.38705 -24.15482 -4.67606 -19.09149 -6.36383 curveto
-14.02817 -8.0516 -7.16116 -9 0 -9 curveto
7.16116 -9 14.02817 -8.0516 19.09149 -6.36383 curveto
24.15482 -4.67606 27 -2.38705 27 0 curveto closepath stroke
newpath 99 0 moveto
99 2.38705 96.15482 4.67606 91.09149 6.36383 curveto
86.02817 8.0516 79.16116 9 72 9 curveto
64.83884 9 57.97183 8.0516 52.90851 6.36383 curveto
47.84518 4.67606 45 2.38705 45 0 curveto
45 -2.38705 47.84518 -4.67606 52.90851 -6.36383 curveto
57.97183 -8.0516 64.83884 -9 72 -9 curveto
79.16116 -9 86.02817 -8.0516 91.09149 -6.36383 curveto
96.15482 -4.67606 99 -2.38705 99 0 curveto closepath stroke
newpath 27 36 moveto
27 38.38705 24.15482 40.67606 19.09149 42.36383 curveto
14.02817 44.0516 7.16116 45 0 45 curveto
-7.16116 45 -14.02817 44.0516 -19.09149 42.36383 curveto
-24.15482 40.67606 -27 38.38705 -27 36 curveto
-27 33.61295 -24.15482 31.32394 -19.09149 29.63617 curveto
-14.02817 27.9484 -7.16116 27 0 27 curveto
7.16116 27 14.02817 27.9484 19.09149 29.63617 curveto
24.15482 31.32394 27 33.61295 27 36 curveto closepath stroke
newpath 99 36 moveto
99 38.38705 96.15482 40.67606 91.09149 42.36383 curveto
86.02817 44.0516 79.16116 45 72 45 curveto
64.83884 45 57.97183 44.0516 52.90851 42.36383 curveto
47.84518 40.67606 45 38.38705 45 36 curveto
45 33.61295 47.84518 31.32394 52.90851 29.63617 curveto
57.97183 27.9484 64.83884 27 72 27 curveto
79.16116 27 86.02817 27.9484 91.09149 29.63617 curveto
96.15482 31.32394 99 33.61295 99 36 curveto closepath stroke
newpath 19.5 36 moveto
19.5 36.39784 19.34193 36.77934 19.06064 37.06064 curveto
18.77934 37.34193 18.39784 37.5 18 37.5 curveto
17.60216 37.5 17.22066 37.34193 16.93936 37.06064 curveto
16.65807 36.77934 16.5 36.39784 16.5 36 curveto
16.5 35.60216 16.65807 35.22066 16.93936 34.93936 curveto
17.22066 34.65807 17.60216 34.5 18 34.5 curveto
18.39784 34.5 18.77934 34.65807 19.06064 34.93936 curveto
19.34193 35.22066 19.5 35.60216 19.5 36 curveto closepath fill
newpath 10.5 36 moveto
10.5 36.39784 10.34193 36.77934 10.06064 37.06064 curveto
9.77934 37.34193 9.39784 37.5 9 37.5 curveto
8.60216 37.5 8.22066 37.34193 7.93936 37.06064 curveto
7.65807 36.77934 7.5 36.39784 7.5 36 curveto
7.5 35.60216 7.65807 35.22066 7.93936 34.93936 curveto
8.22066 34.65807 8.60216 34.5 9 34.5 curveto
9.39784 34.5 9.77934 34.65807 10.06064 34.93936 curveto
10.34193 35.22066 10.5 35.60216 10.5 36 curveto closepath fill
newpath 1.5 36 moveto
1.5 36.39784 1.34193 36.77934 1.06064 37.06064 curveto
0.77934 37.34193 0.39784 37.5 0 37.5 curveto
-0.39784 37.5 -0.77934 37.34193 -1.06064 37.06064 curveto
-1.34193 36.77934 -1.5 36.39784 -1.5 36 curveto
-1.5 35.60216 -1.34193 35.22066 -1.06064 34.93936 curveto
-0.77934 34.65807 -0.39784 34.5 0 34.5 curveto
0.39784 34.5 0.77934 34.65807 1.06064 34.93936 curveto
1.34193 35.22066 1.5 35.60216 1.5 36 curveto closepath fill
newpath -7.5 36 moveto
-7.5 36.39784 -7.65807 36.77934 -7.93936 37.06064 curveto
-8.22066 37.34193 -8.60216 37.5 -9 37.5 curveto
-9.39784 37.5 -9.77934 37.34193 -10.06064 37.06064 curveto
-10.34193 36.77934 -10.5 36.39784 -10.5 36 curveto
-10.5 35.60216 -10.34193 35.22066 -10.06064 34.93936 curveto
-9.77934 34.65807 -9.39784 34.5 -9 34.5 curveto
-8.60216 34.5 -8.22066 34.65807 -7.93936 34.93936 curveto
-7.65807 35.22066 -7.5 35.60216 -7.5 36 curveto closepath fill
newpath -16.5 36 moveto
-16.5 36.39784 -16.65807 36.77934 -16.93936 37.06064 curveto
-17.22066 37.34193 -17.60216 37.5 -18 37.5 curveto
-18.39784 37.5 -18.77934 37.34193 -19.06064 37.06064 curveto
-19.34193 36.77934 -19.5 36.39784 -19.5 36 curveto
-19.5 35.60216 -19.34193 35.22066 -19.06064 34.93936 curveto
-18.77934 34.65807 -18.39784 34.5 -18 34.5 curveto
-17.60216 34.5 -17.22066 34.65807 -16.93936 34.93936 curveto
-16.65807 35.22066 -16.5 35.60216 -16.5 36 curveto closepath fill
newpath 19.5 0 moveto
19.5 0.39784 19.34193 0.77934 19.06064 1.06064 curveto
18.77934 1.34193 18.39784 1.5 18 1.5 curveto
17.60216 1.5 17.22066 1.34193 16.93936 1.06064 curveto
16.65807 0.77934 16.5 0.39784 16.5 0 curveto
16.5 -0.39784 16.65807 -0.77934 16.93936 -1.06064 curveto
17.22066 -1.34193 17.60216 -1.5 18 -1.5 curveto
18.39784 -1.5 18.77934 -1.34193 19.06064 -1.06064 curveto
19.34193 -0.77934 19.5 -0.39784 19.5 0 curveto closepath fill
newpath 10.5 0 moveto
10.5 0.39784 10.34193 0.77934 10.06064 1.06064 curveto
9.77934 1.34193 9.39784 1.5 9 1.5 curveto
8.60216 1.5 8.22066 1.34193 7.93936 1.06064 curveto
7.65807 0.77934 7.5 0.39784 7.5 0 curveto
7.5 -0.39784 7.65807 -0.77934 7.93936 -1.06064 curveto
8.22066 -1.34193 8.60216 -1.5 9 -1.5 curveto
9.39784 -1.5 9.77934 -1.34193 10.06064 -1.06064 curveto
10.34193 -0.77934 10.5 -0.39784 10.5 0 curveto closepath fill
newpath 1.5 0 moveto
1.5 0.39784 1.34193 0.77934 1.06064 1.06064 curveto
0.77934 1.34193 0.39784 1.5 0 1.5 curveto
-0.39784 1.5 -0.77934 1.34193 -1.06064 1.06064 curveto
-1.34193 0.77934 -1.5 0.39784 -1.5 0 curveto
-1.5 -0.39784 -1.34193 -0.77934 -1.06064 -1.06064 curveto
-0.77934 -1.34193 -0.39784 -1.5 0 -1.5 curveto
0.39784 -1.5 0.77934 -1.34193 1.06064 -1.06064 curveto
1.34193 -0.77934 1.5 -0.39784 1.5 0 curveto closepath fill
newpath -7.5 0 moveto
-7.5 0.39784 -7.65807 0.77934 -7.93936 1.06064 curveto
-8.22066 1.34193 -8.60216 1.5 -9 1.5 curveto
-9.39784 1.5 -9.77934 1.34193 -10.06064 1.06064 curveto
-10.34193 0.77934 -10.5 0.39784 -10.5 0 curveto
-10.5 -0.39784 -10.34193 -0.77934 -10.06064 -1.06064 curveto
-9.77934 -1.34193 -9.39784 -1.5 -9 -1.5 curveto
-8.60216 -1.5 -8.22066 -1.34193 -7.93936 -1.06064 curveto
-7.65807 -0.77934 -7.5 -0.39784 -7.5 0 curveto closepath fill
newpath -16.5 0 moveto
-16.5 0.39784 -16.65807 0.77934 -16.93936 1.06064 curveto
-17.22066 1.34193 -17.60216 1.5 -18 1.5 curveto
-18.39784 1.5 -18.77934 1.34193 -19.06064 1.06064 curveto
-19.34193 0.77934 -19.5 0.39784 -19.5 0 curveto
-19.5 -0.39784 -19.34193 -0.77934 -19.06064 -1.06064 curveto
-18.77934 -1.34193 -18.39784 -1.5 -18 -1.5 curveto
-17.60216 -1.5 -17.22066 -1.34193 -16.93936 -1.06064 curveto
-16.65807 -0.77934 -16.5 -0.39784 -16.5 0 curveto closepath fill
newpath 91.5 36 moveto
91.5 36.39784 91.34193 36.77934 91.06064 37.06064 curveto
90.77934 37.34193 90.39784 37.5 90 37.5 curveto
89.60216 37.5 89.22066 37.34193 88.93936 37.06064 curveto
88.65807 36.77934 88.5 36.39784 88.5 36 curveto
88.5 35.60216 88.65807 35.22066 88.93936 34.93936 curveto
89.22066 34.65807 89.60216 34.5 90 34.5 curveto
90.39784 34.5 90.77934 34.65807 91.06064 34.93936 curveto
91.34193 35.22066 91.5 35.60216 91.5 36 curveto closepath fill
newpath 82.5 36 moveto
82.5 36.39784 82.34193 36.77934 82.06064 37.06064 curveto
81.77934 37.34193 81.39784 37.5 81 37.5 curveto
80.60216 37.5 80.22066 37.34193 79.93936 37.06064 curveto
79.65807 36.77934 79.5 36.39784 79.5 36 curveto
79.5 35.60216 79.65807 35.22066 79.93936 34.93936 curveto
80.22066 34.65807 80.60216 34.5 81 34.5 curveto
81.39784 34.5 81.77934 34.65807 82.06064 34.93936 curveto
82.34193 35.22066 82.5 35.60216 82.5 36 curveto closepath fill
newpath 73.5 36 moveto
73.5 36.39784 73.34193 36.77934 73.06064 37.06064 curveto
72.77934 37.34193 72.39784 37.5 72 37.5 curveto
71.60216 37.5 71.22066 37.34193 70.93936 37.06064 curveto
70.65807 36.77934 70.5 36.39784 70.5 36 curveto
70.5 35.60216 70.65807 35.22066 70.93936 34.93936 curveto
71.22066 34.65807 71.60216 34.5 72 34.5 curveto
72.39784 34.5 72.77934 34.65807 73.06064 34.93936 curveto
73.34193 35.22066 73.5 35.60216 73.5 36 curveto closepath fill
newpath 64.5 36 moveto
64.5 36.39784 64.34193 36.77934 64.06064 37.06064 curveto
63.77934 37.34193 63.39784 37.5 63 37.5 curveto
62.60216 37.5 62.22066 37.34193 61.93936 37.06064 curveto
61.65807 36.77934 61.5 36.39784 61.5 36 curveto
61.5 35.60216 61.65807 35.22066 61.93936 34.93936 curveto
62.22066 34.65807 62.60216 34.5 63 34.5 curveto
63.39784 34.5 63.77934 34.65807 64.06064 34.93936 curveto
64.34193 35.22066 64.5 35.60216 64.5 36 curveto closepath fill
newpath 55.5 36 moveto
55.5 36.39784 55.34193 36.77934 55.06064 37.06064 curveto
54.77934 37.34193 54.39784 37.5 54 37.5 curveto
53.60216 37.5 53.22066 37.34193 52.93936 37.06064 curveto
52.65807 36.77934 52.5 36.39784 52.5 36 curveto
52.5 35.60216 52.65807 35.22066 52.93936 34.93936 curveto
53.22066 34.65807 53.60216 34.5 54 34.5 curveto
54.39784 34.5 54.77934 34.65807 55.06064 34.93936 curveto
55.34193 35.22066 55.5 35.60216 55.5 36 curveto closepath fill
newpath 91.5 0 moveto
91.5 0.39784 91.34193 0.77934 91.06064 1.06064 curveto
90.77934 1.34193 90.39784 1.5 90 1.5 curveto
89.60216 1.5 89.22066 1.34193 88.93936 1.06064 curveto
88.65807 0.77934 88.5 0.39784 88.5 0 curveto
88.5 -0.39784 88.65807 -0.77934 88.93936 -1.06064 curveto
89.22066 -1.34193 89.60216 -1.5 90 -1.5 curveto
90.39784 -1.5 90.77934 -1.34193 91.06064 -1.06064 curveto
91.34193 -0.77934 91.5 -0.39784 91.5 0 curveto closepath fill
newpath 82.5 0 moveto
82.5 0.39784 82.34193 0.77934 82.06064 1.06064 curveto
81.77934 1.34193 81.39784 1.5 81 1.5 curveto
80.60216 1.5 80.22066 1.34193 79.93936 1.06064 curveto
79.65807 0.77934 79.5 0.39784 79.5 0 curveto
79.5 -0.39784 79.65807 -0.77934 79.93936 -1.06064 curveto
80.22066 -1.34193 80.60216 -1.5 81 -1.5 curveto
81.39784 -1.5 81.77934 -1.34193 82.06064 -1.06064 curveto
82.34193 -0.77934 82.5 -0.39784 82.5 0 curveto closepath fill
newpath 73.5 0 moveto
73.5 0.39784 73.34193 0.77934 73.06064 1.06064 curveto
72.77934 1.34193 72.39784 1.5 72 1.5 curveto
71.60216 1.5 71.22066 1.34193 70.93936 1.06064 curveto
70.65807 0.77934 70.5 0.39784 70.5 0 curveto
70.5 -0.39784 70.65807 -0.77934 70.93936 -1.06064 curveto
71.22066 -1.34193 71.60216 -1.5 72 -1.5 curveto
72.39784 -1.5 72.77934 -1.34193 73.06064 -1.06064 curveto
73.34193 -0.77934 73.5 -0.39784 73.5 0 curveto closepath fill
newpath 64.5 0 moveto
64.5 0.39784 64.34193 0.77934 64.06064 1.06064 curveto
63.77934 1.34193 63.39784 1.5 63 1.5 curveto
62.60216 1.5 62.22066 1.34193 61.93936 1.06064 curveto
61.65807 0.77934 61.5 0.39784 61.5 0 curveto
61.5 -0.39784 61.65807 -0.77934 61.93936 -1.06064 curveto
62.22066 -1.34193 62.60216 -1.5 63 -1.5 curveto
63.39784 -1.5 63.77934 -1.34193 64.06064 -1.06064 curveto
64.34193 -0.77934 64.5 -0.39784 64.5 0 curveto closepath fill
newpath 55.5 0 moveto
55.5 0.39784 55.34193 0.77934 55.06064 1.06064 curveto
54.77934 1.34193 54.39784 1.5 54 1.5 curveto
53.60216 1.5 53.22066 1.34193 52.93936 1.06064 curveto
52.65807 0.77934 52.5 0.39784 52.5 0 curveto
52.5 -0.39784 52.65807 -0.77934 52.93936 -1.06064 curveto
53.22066 -1.34193 53.60216 -1.5 54 -1.5 curveto
54.39784 -1.5 54.77934 -1.34193 55.06064 -1.06064 curveto
55.34193 -0.77934 55.5 -0.39784 55.5 0 curveto closepath fill
 0.5 0 dtransform exch truncate exch idtransform pop setlinewidth 1 setlinecap
newpath 0 24 moveto
0 12 lineto stroke
 0 0.5 dtransform truncate idtransform setlinewidth pop
newpath -1.53073 15.69543 moveto
0 12 lineto
1.53073 15.69543 lineto
 closepath
gsave fill grestore stroke
 0.5 0 dtransform exch truncate exch idtransform pop setlinewidth
newpath 72 24 moveto
72 12 lineto stroke
 0 0.5 dtransform truncate idtransform setlinewidth pop
newpath 70.46927 15.69543 moveto
72 12 lineto
73.53073 15.69543 lineto
 closepath
gsave fill grestore stroke
newpath 18 9 moveto
54 27 lineto stroke
newpath 51.37923 23.97818 moveto
54 27 lineto
50.01009 26.71649 lineto
 closepath
gsave fill grestore stroke
newpath 54 9 moveto
18 27 lineto stroke
newpath 21.98991 26.71649 moveto
18 27 lineto
20.62077 23.97818 lineto
 closepath
gsave fill grestore stroke
-4.38765 48 moveto
(A) lmmi12 11.95517 fshow
67.25189 48 moveto
(B) lmmi12 11.95517 fshow
-4.6168 -20.1694 moveto
(C) lmmi12 11.95517 fshow
66.97775 -20.1694 moveto
(D) lmmi12 11.95517 fshow
showpage
%%EOF
