%!PS
%%BoundingBox: -63 -27 63 54 
%%HiResBoundingBox: -62.61972 -26.28748 62.35712 53.68901 
%%Creator: MetaPost 2.00
%%CreationDate: 2022.11.25:0010
%%Pages: 1
%*Font: lmmi12 11.95517 11.95517 41:e0301
%%BeginProlog
%%EndProlog
%%Page: 1 1
 0 0 0 setrgbcolor 0 0.5 dtransform truncate idtransform setlinewidth pop
 [] 0 setdash 1 setlinecap 1 setlinejoin 10 setmiterlimit
newpath -18.5337 -8.92094 moveto
-21.95634 -7.1545 -26.16292 -8.49689 -27.92937 -11.91954 curveto stroke
 0 1 dtransform truncate idtransform setlinewidth pop
newpath -22.93167 -11.3598 moveto 0 0 rlineto stroke
 0 0.5 dtransform truncate idtransform setlinewidth pop
newpath 23.32518 32.29436 moveto
25.31956 28.9993 29.60744 27.94498 32.90239 29.93935 curveto stroke
 0 1 dtransform truncate idtransform setlinewidth pop
newpath 28.34927 32.07455 moveto 0 0 rlineto stroke
 0 0.5 dtransform truncate idtransform setlinewidth pop
newpath -6.61417 14.1732 moveto
-21.73224 -15.11807 lineto
-51.02353 0 lineto
 closepath stroke
newpath -6.61417 14.1732 moveto
29.29129 35.90546 lineto
51.02353 0 lineto
 closepath stroke
 0 1 dtransform truncate idtransform setlinewidth pop
newpath -19.84248 42.5196 moveto
-51.02353 0 lineto
51.02353 0 lineto
 closepath stroke
-24.23013 45.5196 moveto
(A) lmmi12 11.95517 fshow
 1 1 1 setrgbcolor
newpath -18.34248 42.5196 moveto
-18.34248 42.91745 -18.50055 43.29895 -18.78185 43.58025 curveto
-19.06314 43.86154 -19.44464 44.0196 -19.84248 44.0196 curveto
-20.24033 44.0196 -20.62183 43.86154 -20.90312 43.58025 curveto
-21.18442 43.29895 -21.34248 42.91745 -21.34248 42.5196 curveto
-21.34248 42.12177 -21.18442 41.74026 -20.90312 41.45897 curveto
-20.62183 41.17767 -20.24033 41.0196 -19.84248 41.0196 curveto
-19.44464 41.0196 -19.06314 41.17767 -18.78185 41.45897 curveto
-18.50055 41.74026 -18.34248 42.12177 -18.34248 42.5196 curveto closepath fill
 0 0 0 setrgbcolor 0 0.5 dtransform truncate idtransform setlinewidth pop
newpath -18.34248 42.5196 moveto
-18.34248 42.91745 -18.50055 43.29895 -18.78185 43.58025 curveto
-19.06314 43.86154 -19.44464 44.0196 -19.84248 44.0196 curveto
-20.24033 44.0196 -20.62183 43.86154 -20.90312 43.58025 curveto
-21.18442 43.29895 -21.34248 42.91745 -21.34248 42.5196 curveto
-21.34248 42.12177 -21.18442 41.74026 -20.90312 41.45897 curveto
-20.62183 41.17767 -20.24033 41.0196 -19.84248 41.0196 curveto
-19.44464 41.0196 -19.06314 41.17767 -18.78185 41.45897 curveto
-18.50055 41.74026 -18.34248 42.12177 -18.34248 42.5196 curveto closepath stroke
-62.61972 -10.2694 moveto
(B) lmmi12 11.95517 fshow
 1 1 1 setrgbcolor
newpath -49.52353 0 moveto
-49.52353 0.39784 -49.6816 0.77934 -49.96289 1.06064 curveto
-50.24419 1.34193 -50.62569 1.5 -51.02353 1.5 curveto
-51.42137 1.5 -51.80287 1.34193 -52.08417 1.06064 curveto
-52.36546 0.77934 -52.52353 0.39784 -52.52353 0 curveto
-52.52353 -0.39784 -52.36546 -0.77934 -52.08417 -1.06064 curveto
-51.80287 -1.34193 -51.42137 -1.5 -51.02353 -1.5 curveto
-50.62569 -1.5 -50.24419 -1.34193 -49.96289 -1.06064 curveto
-49.6816 -0.77934 -49.52353 -0.39784 -49.52353 0 curveto closepath fill
 0 0 0 setrgbcolor
newpath -49.52353 0 moveto
-49.52353 0.39784 -49.6816 0.77934 -49.96289 1.06064 curveto
-50.24419 1.34193 -50.62569 1.5 -51.02353 1.5 curveto
-51.42137 1.5 -51.80287 1.34193 -52.08417 1.06064 curveto
-52.36546 0.77934 -52.52353 0.39784 -52.52353 0 curveto
-52.52353 -0.39784 -52.36546 -0.77934 -52.08417 -1.06064 curveto
-51.80287 -1.34193 -51.42137 -1.5 -51.02353 -1.5 curveto
-50.62569 -1.5 -50.24419 -1.34193 -49.96289 -1.06064 curveto
-49.6816 -0.77934 -49.52353 -0.39784 -49.52353 0 curveto closepath stroke
53.12352 -10.2694 moveto
(C) lmmi12 11.95517 fshow
 1 1 1 setrgbcolor
newpath 52.52353 0 moveto
52.52353 0.39784 52.36546 0.77934 52.08417 1.06064 curveto
51.80287 1.34193 51.42137 1.5 51.02353 1.5 curveto
50.62569 1.5 50.24419 1.34193 49.96289 1.06064 curveto
49.6816 0.77934 49.52353 0.39784 49.52353 0 curveto
49.52353 -0.39784 49.6816 -0.77934 49.96289 -1.06064 curveto
50.24419 -1.34193 50.62569 -1.5 51.02353 -1.5 curveto
51.42137 -1.5 51.80287 -1.34193 52.08417 -1.06064 curveto
52.36546 -0.77934 52.52353 -0.39784 52.52353 0 curveto closepath fill
 0 0 0 setrgbcolor
newpath 52.52353 0 moveto
52.52353 0.39784 52.36546 0.77934 52.08417 1.06064 curveto
51.80287 1.34193 51.42137 1.5 51.02353 1.5 curveto
50.62569 1.5 50.24419 1.34193 49.96289 1.06064 curveto
49.6816 0.77934 49.52353 0.39784 49.52353 0 curveto
49.52353 -0.39784 49.6816 -0.77934 49.96289 -1.06064 curveto
50.24419 -1.34193 50.62569 -1.5 51.02353 -1.5 curveto
51.42137 -1.5 51.80287 -1.34193 52.08417 -1.06064 curveto
52.36546 -0.77934 52.52353 -0.39784 52.52353 0 curveto closepath stroke
-17.20096 16.2732 moveto
(T) lmmi12 11.95517 fshow
 1 1 1 setrgbcolor
newpath -5.11417 14.1732 moveto
-5.11417 14.57104 -5.27223 14.95255 -5.55353 15.23384 curveto
-5.83482 15.51514 -6.21632 15.6732 -6.61417 15.6732 curveto
-7.01201 15.6732 -7.39351 15.51514 -7.6748 15.23384 curveto
-7.9561 14.95255 -8.11417 14.57104 -8.11417 14.1732 curveto
-8.11417 13.77536 -7.9561 13.39386 -7.6748 13.11256 curveto
-7.39351 12.83127 -7.01201 12.6732 -6.61417 12.6732 curveto
-6.21632 12.6732 -5.83482 12.83127 -5.55353 13.11256 curveto
-5.27223 13.39386 -5.11417 13.77536 -5.11417 14.1732 curveto closepath fill
 0 0 0 setrgbcolor
newpath -5.11417 14.1732 moveto
-5.11417 14.57104 -5.27223 14.95255 -5.55353 15.23384 curveto
-5.83482 15.51514 -6.21632 15.6732 -6.61417 15.6732 curveto
-7.01201 15.6732 -7.39351 15.51514 -7.6748 15.23384 curveto
-7.9561 14.95255 -8.11417 14.57104 -8.11417 14.1732 curveto
-8.11417 13.77536 -7.9561 13.39386 -7.6748 13.11256 curveto
-7.39351 12.83127 -7.01201 12.6732 -6.61417 12.6732 curveto
-6.21632 12.6732 -5.83482 12.83127 -5.55353 13.11256 curveto
-5.27223 13.39386 -5.11417 13.77536 -5.11417 14.1732 curveto closepath stroke
-27.1411 -26.28748 moveto
(K) lmmi12 11.95517 fshow
 1 1 1 setrgbcolor
newpath -20.23224 -15.11807 moveto
-20.23224 -14.72023 -20.3903 -14.33873 -20.6716 -14.05743 curveto
-20.9529 -13.77614 -21.3344 -13.61807 -21.73224 -13.61807 curveto
-22.13008 -13.61807 -22.51158 -13.77614 -22.79288 -14.05743 curveto
-23.07417 -14.33873 -23.23224 -14.72023 -23.23224 -15.11807 curveto
-23.23224 -15.51591 -23.07417 -15.89742 -22.79288 -16.17871 curveto
-22.51158 -16.46 -22.13008 -16.61807 -21.73224 -16.61807 curveto
-21.3344 -16.61807 -20.9529 -16.46 -20.6716 -16.17871 curveto
-20.3903 -15.89742 -20.23224 -15.51591 -20.23224 -15.11807 curveto closepath fill
 0 0 0 setrgbcolor
newpath -20.23224 -15.11807 moveto
-20.23224 -14.72023 -20.3903 -14.33873 -20.6716 -14.05743 curveto
-20.9529 -13.77614 -21.3344 -13.61807 -21.73224 -13.61807 curveto
-22.13008 -13.61807 -22.51158 -13.77614 -22.79288 -14.05743 curveto
-23.07417 -14.33873 -23.23224 -14.72023 -23.23224 -15.11807 curveto
-23.23224 -15.51591 -23.07417 -15.89742 -22.79288 -16.17871 curveto
-22.51158 -16.46 -22.13008 -16.61807 -21.73224 -16.61807 curveto
-21.3344 -16.61807 -20.9529 -16.46 -20.6716 -16.17871 curveto
-20.3903 -15.89742 -20.23224 -15.51591 -20.23224 -15.11807 curveto closepath stroke
25.30904 38.90546 moveto
(L) lmmi12 11.95517 fshow
 1 1 1 setrgbcolor
newpath 30.79129 35.90546 moveto
30.79129 36.3033 30.63322 36.6848 30.35193 36.9661 curveto
30.07063 37.24739 29.68913 37.40546 29.29129 37.40546 curveto
28.89345 37.40546 28.51195 37.24739 28.23065 36.9661 curveto
27.94936 36.6848 27.79129 36.3033 27.79129 35.90546 curveto
27.79129 35.50761 27.94936 35.12611 28.23065 34.84482 curveto
28.51195 34.56352 28.89345 34.40546 29.29129 34.40546 curveto
29.68913 34.40546 30.07063 34.56352 30.35193 34.84482 curveto
30.63322 35.12611 30.79129 35.50761 30.79129 35.90546 curveto closepath fill
 0 0 0 setrgbcolor
newpath 30.79129 35.90546 moveto
30.79129 36.3033 30.63322 36.6848 30.35193 36.9661 curveto
30.07063 37.24739 29.68913 37.40546 29.29129 37.40546 curveto
28.89345 37.40546 28.51195 37.24739 28.23065 36.9661 curveto
27.94936 36.6848 27.79129 36.3033 27.79129 35.90546 curveto
27.79129 35.50761 27.94936 35.12611 28.23065 34.84482 curveto
28.51195 34.56352 28.89345 34.40546 29.29129 34.40546 curveto
29.68913 34.40546 30.07063 34.56352 30.35193 34.84482 curveto
30.63322 35.12611 30.79129 35.50761 30.79129 35.90546 curveto closepath stroke
showpage
%%EOF
