%!PS
%%BoundingBox: -90 -12 90 86 
%%HiResBoundingBox: -89.427 -11.1694 89.78745 85.28935 
%%Creator: MetaPost 2.02
%%CreationDate: 2023.11.28:1129
%%Pages: 1
%*Font: lmmi12 11.95517 11.95517 41:c24a018
%*Font: csr7 6.97385 6.97385 31:c
%%BeginProlog
%%EndProlog
%%Page: 1 1
 0 0 0 setrgbcolor 0 0.5 dtransform truncate idtransform setlinewidth pop
 [] 0 setdash 1 setlinecap 1 setlinejoin 10 setmiterlimit
newpath 38.28905 69.1338 moveto
40.17244 65.77405 44.42276 64.57722 47.7825 66.46072 curveto stroke
 0 1 dtransform truncate idtransform setlinewidth pop
newpath 43.30309 68.74655 moveto 0 0 rlineto stroke
 0 0.5 dtransform truncate idtransform setlinewidth pop
newpath 85.03935 0 moveto
85.03935 22.55484 76.07814 44.1832 60.13068 60.13068 curveto
44.1832 76.07814 22.55484 85.03935 0 85.03935 curveto
-22.55484 85.03935 -44.1832 76.07814 -60.13068 60.13068 curveto
-76.07814 44.1832 -85.03935 22.55484 -85.03935 0 curveto
0 0 lineto stroke
 0 0 1 setrgbcolor
newpath 85.03935 0 moveto
0 0 lineto
44.37231 72.54388 lineto stroke
 0 0.7 0 setrgbcolor
newpath 8.1372 52.23169 moveto
42.51968 0 lineto stroke
 0 0 0 setrgbcolor
newpath -85.03935 0 moveto
44.37231 72.54388 lineto
85.03935 0 lineto stroke
newpath 0 0 moveto
8.1372 52.23169 lineto
85.03935 0 lineto stroke
 [0 1.5 6 1.5 ] 4.5 setdash
newpath -7.76472 -4.35265 moveto
38.82356 21.76321 lineto stroke
-89.427 -11.1694 moveto
(A) lmmi12 11.95517 fshow
 1 1 1 setrgbcolor
newpath -83.53935 0 moveto
-83.53935 0.39784 -83.69742 0.77934 -83.97871 1.06064 curveto
-84.26001 1.34193 -84.64151 1.5 -85.03935 1.5 curveto
-85.4372 1.5 -85.8187 1.34193 -86.09999 1.06064 curveto
-86.38129 0.77934 -86.53935 0.39784 -86.53935 0 curveto
-86.53935 -0.39784 -86.38129 -0.77934 -86.09999 -1.06064 curveto
-85.8187 -1.34193 -85.4372 -1.5 -85.03935 -1.5 curveto
-84.64151 -1.5 -84.26001 -1.34193 -83.97871 -1.06064 curveto
-83.69742 -0.77934 -83.53935 -0.39784 -83.53935 0 curveto closepath fill
 0 0 0 setrgbcolor [] 0 setdash
newpath -83.53935 0 moveto
-83.53935 0.39784 -83.69742 0.77934 -83.97871 1.06064 curveto
-84.26001 1.34193 -84.64151 1.5 -85.03935 1.5 curveto
-85.4372 1.5 -85.8187 1.34193 -86.09999 1.06064 curveto
-86.38129 0.77934 -86.53935 0.39784 -86.53935 0 curveto
-86.53935 -0.39784 -86.38129 -0.77934 -86.09999 -1.06064 curveto
-85.8187 -1.34193 -85.4372 -1.5 -85.03935 -1.5 curveto
-84.64151 -1.5 -84.26001 -1.34193 -83.97871 -1.06064 curveto
-83.69742 -0.77934 -83.53935 -0.39784 -83.53935 0 curveto closepath stroke
80.29124 -11.1694 moveto
(B) lmmi12 11.95517 fshow
 1 1 1 setrgbcolor
newpath 86.53935 0 moveto
86.53935 0.39784 86.38129 0.77934 86.09999 1.06064 curveto
85.8187 1.34193 85.4372 1.5 85.03935 1.5 curveto
84.64151 1.5 84.26001 1.34193 83.97871 1.06064 curveto
83.69742 0.77934 83.53935 0.39784 83.53935 0 curveto
83.53935 -0.39784 83.69742 -0.77934 83.97871 -1.06064 curveto
84.26001 -1.34193 84.64151 -1.5 85.03935 -1.5 curveto
85.4372 -1.5 85.8187 -1.34193 86.09999 -1.06064 curveto
86.38129 -0.77934 86.53935 -0.39784 86.53935 0 curveto closepath fill
 0 0 0 setrgbcolor
newpath 86.53935 0 moveto
86.53935 0.39784 86.38129 0.77934 86.09999 1.06064 curveto
85.8187 1.34193 85.4372 1.5 85.03935 1.5 curveto
84.64151 1.5 84.26001 1.34193 83.97871 1.06064 curveto
83.69742 0.77934 83.53935 0.39784 83.53935 0 curveto
83.53935 -0.39784 83.69742 -0.77934 83.97871 -1.06064 curveto
84.26001 -1.34193 84.64151 -1.5 85.03935 -1.5 curveto
85.4372 -1.5 85.8187 -1.34193 86.09999 -1.06064 curveto
86.38129 -0.77934 86.53935 -0.39784 86.53935 0 curveto closepath stroke
-4.6356 -11.1694 moveto
(O) lmmi12 11.95517 fshow
 1 1 1 setrgbcolor
newpath 1.5 0 moveto
1.5 0.39784 1.34193 0.77934 1.06064 1.06064 curveto
0.77934 1.34193 0.39784 1.5 0 1.5 curveto
-0.39784 1.5 -0.77934 1.34193 -1.06064 1.06064 curveto
-1.34193 0.77934 -1.5 0.39784 -1.5 0 curveto
-1.5 -0.39784 -1.34193 -0.77934 -1.06064 -1.06064 curveto
-0.77934 -1.34193 -0.39784 -1.5 0 -1.5 curveto
0.39784 -1.5 0.77934 -1.34193 1.06064 -1.06064 curveto
1.34193 -0.77934 1.5 -0.39784 1.5 0 curveto closepath fill
 0 0 0 setrgbcolor
newpath 1.5 0 moveto
1.5 0.39784 1.34193 0.77934 1.06064 1.06064 curveto
0.77934 1.34193 0.39784 1.5 0 1.5 curveto
-0.39784 1.5 -0.77934 1.34193 -1.06064 1.06064 curveto
-1.34193 0.77934 -1.5 0.39784 -1.5 0 curveto
-1.5 -0.39784 -1.34193 -0.77934 -1.06064 -1.06064 curveto
-0.77934 -1.34193 -0.39784 -1.5 0 -1.5 curveto
0.39784 -1.5 0.77934 -1.34193 1.06064 -1.06064 curveto
1.34193 -0.77934 1.5 -0.39784 1.5 0 curveto closepath stroke
-4.61789 54.33168 moveto
(X) lmmi12 11.95517 fshow
 1 1 1 setrgbcolor
newpath 9.6372 52.23169 moveto
9.6372 52.62953 9.47914 53.01103 9.19785 53.29233 curveto
8.91655 53.57362 8.53505 53.73169 8.1372 53.73169 curveto
7.73936 53.73169 7.35786 53.57362 7.07657 53.29233 curveto
6.79527 53.01103 6.6372 52.62953 6.6372 52.23169 curveto
6.6372 51.83385 6.79527 51.45235 7.07657 51.17105 curveto
7.35786 50.88976 7.73936 50.73169 8.1372 50.73169 curveto
8.53505 50.73169 8.91655 50.88976 9.19785 51.17105 curveto
9.47914 51.45235 9.6372 51.83385 9.6372 52.23169 curveto closepath fill
 0 0 0 setrgbcolor
newpath 9.6372 52.23169 moveto
9.6372 52.62953 9.47914 53.01103 9.19785 53.29233 curveto
8.91655 53.57362 8.53505 53.73169 8.1372 53.73169 curveto
7.73936 53.73169 7.35786 53.57362 7.07657 53.29233 curveto
6.79527 53.01103 6.6372 52.62953 6.6372 52.23169 curveto
6.6372 51.83385 6.79527 51.45235 7.07657 51.17105 curveto
7.35786 50.88976 7.73936 50.73169 8.1372 50.73169 curveto
8.53505 50.73169 8.91655 50.88976 9.19785 51.17105 curveto
9.47914 51.45235 9.6372 51.83385 9.6372 52.23169 curveto closepath stroke
46.4723 74.64388 moveto
(Y) lmmi12 11.95517 fshow
 1 1 1 setrgbcolor
newpath 45.87231 72.54388 moveto
45.87231 72.94173 45.71425 73.32323 45.43295 73.60452 curveto
45.15166 73.88582 44.77016 74.04388 44.37231 74.04388 curveto
43.97447 74.04388 43.59297 73.88582 43.31168 73.60452 curveto
43.03038 73.32323 42.87231 72.94173 42.87231 72.54388 curveto
42.87231 72.14604 43.03038 71.76454 43.31168 71.48325 curveto
43.59297 71.20195 43.97447 71.04388 44.37231 71.04388 curveto
44.77016 71.04388 45.15166 71.20195 45.43295 71.48325 curveto
45.71425 71.76454 45.87231 72.14604 45.87231 72.54388 curveto closepath fill
 0 0 0 setrgbcolor
newpath 45.87231 72.54388 moveto
45.87231 72.94173 45.71425 73.32323 45.43295 73.60452 curveto
45.15166 73.88582 44.77016 74.04388 44.37231 74.04388 curveto
43.97447 74.04388 43.59297 73.88582 43.31168 73.60452 curveto
43.03038 73.32323 42.87231 72.94173 42.87231 72.54388 curveto
42.87231 72.14604 43.03038 71.76454 43.31168 71.48325 curveto
43.59297 71.20195 43.97447 71.04388 44.37231 71.04388 curveto
44.77016 71.04388 45.15166 71.20195 45.43295 71.48325 curveto
45.71425 71.76454 45.87231 72.14604 45.87231 72.54388 curveto closepath stroke
28.9327 21.40688 moveto
(G) lmmi12 11.95517 fshow
 1 1 1 setrgbcolor
newpath 32.55885 17.41057 moveto
32.55885 17.80841 32.40079 18.18991 32.11949 18.4712 curveto
31.8382 18.7525 31.4567 18.91057 31.05885 18.91057 curveto
30.66101 18.91057 30.27951 18.7525 29.99821 18.4712 curveto
29.71692 18.18991 29.55885 17.80841 29.55885 17.41057 curveto
29.55885 17.01273 29.71692 16.63123 29.99821 16.34993 curveto
30.27951 16.06863 30.66101 15.91057 31.05885 15.91057 curveto
31.4567 15.91057 31.8382 16.06863 32.11949 16.34993 curveto
32.40079 16.63123 32.55885 17.01273 32.55885 17.41057 curveto closepath fill
 0 0 0 setrgbcolor
newpath 32.55885 17.41057 moveto
32.55885 17.80841 32.40079 18.18991 32.11949 18.4712 curveto
31.8382 18.7525 31.4567 18.91057 31.05885 18.91057 curveto
30.66101 18.91057 30.27951 18.7525 29.99821 18.4712 curveto
29.71692 18.18991 29.55885 17.80841 29.55885 17.41057 curveto
29.55885 17.01273 29.71692 16.63123 29.99821 16.34993 curveto
30.27951 16.06863 30.66101 15.91057 31.05885 15.91057 curveto
31.4567 15.91057 31.8382 16.06863 32.11949 16.34993 curveto
32.40079 16.63123 32.55885 17.01273 32.55885 17.41057 curveto closepath stroke
38.73112 -11.1694 moveto
(J) lmmi12 11.95517 fshow
 1 1 1 setrgbcolor
newpath 44.01968 0 moveto
44.01968 0.39784 43.86162 0.77934 43.58032 1.06064 curveto
43.29903 1.34193 42.91753 1.5 42.51968 1.5 curveto
42.12184 1.5 41.74034 1.34193 41.45905 1.06064 curveto
41.17775 0.77934 41.01968 0.39784 41.01968 0 curveto
41.01968 -0.39784 41.17775 -0.77934 41.45905 -1.06064 curveto
41.74034 -1.34193 42.12184 -1.5 42.51968 -1.5 curveto
42.91753 -1.5 43.29903 -1.34193 43.58032 -1.06064 curveto
43.86162 -0.77934 44.01968 -0.39784 44.01968 0 curveto closepath fill
 0 0 0 setrgbcolor
newpath 44.01968 0 moveto
44.01968 0.39784 43.86162 0.77934 43.58032 1.06064 curveto
43.29903 1.34193 42.91753 1.5 42.51968 1.5 curveto
42.12184 1.5 41.74034 1.34193 41.45905 1.06064 curveto
41.17775 0.77934 41.01968 0.39784 41.01968 0 curveto
41.01968 -0.39784 41.17775 -0.77934 41.45905 -1.06064 curveto
41.74034 -1.34193 42.12184 -1.5 42.51968 -1.5 curveto
42.91753 -1.5 43.29903 -1.34193 43.58032 -1.06064 curveto
43.86162 -0.77934 44.01968 -0.39784 44.01968 0 curveto closepath stroke
 0.66667 0.9 0.66667 setrgbcolor
22.69485 30.85701 moveto
(2) csr7 6.97385 fshow
36.44798 9.96413 moveto
(1) csr7 6.97385 fshow
 0.66667 0.66667 1 setrgbcolor
-44.50528 -7.4943 moveto
(2) csr7 6.97385 fshow
19.27423 -7.4943 moveto
(1) csr7 6.97385 fshow
showpage
%%EOF
