%!PS
%%BoundingBox: -13 -11 83 87 
%%HiResBoundingBox: -12.3662 -10.2694 82.4622 86.80469 
%%Creator: MetaPost 2.00
%%CreationDate: 2022.12.02:2109
%%Pages: 1
%*Font: lmmi12 11.95517 11.95517 41:fe
%%BeginProlog
%%EndProlog
%%Page: 1 1
 0 0 0 setrgbcolor 0 0.5 dtransform truncate idtransform setlinewidth pop
 [] 0 setdash 1 setlinecap 1 setlinejoin 10 setmiterlimit
newpath 6.97383 59.25647 moveto
6.97383 63.10806 3.8516 66.2303 0 66.2303 curveto stroke
 0 1 dtransform truncate idtransform setlinewidth pop
newpath 2.78955 62.04602 moveto 0 0 rlineto stroke
 0 0.5 dtransform truncate idtransform setlinewidth pop
newpath 42.18137 53.1201 moveto
45.57039 54.95018 46.83414 59.18103 45.00417 62.57004 curveto stroke
 0 1 dtransform truncate idtransform setlinewidth pop
newpath 42.64778 58.12733 moveto 0 0 rlineto stroke
 0 0.5 dtransform truncate idtransform setlinewidth pop
newpath 0 38.26765 moveto
70.86601 76.5353 lineto stroke
newpath 0 59.25647 moveto
38.8678 59.25647 lineto
0 0 lineto stroke
newpath 70.86601 0 moveto
38.8678 59.25647 lineto stroke
 0 1 dtransform truncate idtransform setlinewidth pop
newpath 0 0 moveto
70.86601 0 lineto
70.86601 76.5353 lineto
0 76.5353 lineto
 closepath stroke
-10.87529 -10.2694 moveto
(A) lmmi12 11.95517 fshow
 1 1 1 setrgbcolor
newpath 1.5 0 moveto
1.5 0.39784 1.34193 0.77934 1.06064 1.06064 curveto
0.77934 1.34193 0.39784 1.5 0 1.5 curveto
-0.39784 1.5 -0.77934 1.34193 -1.06064 1.06064 curveto
-1.34193 0.77934 -1.5 0.39784 -1.5 0 curveto
-1.5 -0.39784 -1.34193 -0.77934 -1.06064 -1.06064 curveto
-0.77934 -1.34193 -0.39784 -1.5 0 -1.5 curveto
0.39784 -1.5 0.77934 -1.34193 1.06064 -1.06064 curveto
1.34193 -0.77934 1.5 -0.39784 1.5 0 curveto closepath fill
 0 0 0 setrgbcolor 0 0.5 dtransform truncate idtransform setlinewidth pop
newpath 1.5 0 moveto
1.5 0.39784 1.34193 0.77934 1.06064 1.06064 curveto
0.77934 1.34193 0.39784 1.5 0 1.5 curveto
-0.39784 1.5 -0.77934 1.34193 -1.06064 1.06064 curveto
-1.34193 0.77934 -1.5 0.39784 -1.5 0 curveto
-1.5 -0.39784 -1.34193 -0.77934 -1.06064 -1.06064 curveto
-0.77934 -1.34193 -0.39784 -1.5 0 -1.5 curveto
0.39784 -1.5 0.77934 -1.34193 1.06064 -1.06064 curveto
1.34193 -0.77934 1.5 -0.39784 1.5 0 curveto closepath stroke
72.966 -10.2694 moveto
(B) lmmi12 11.95517 fshow
 1 1 1 setrgbcolor
newpath 72.36601 0 moveto
72.36601 0.39784 72.20795 0.77934 71.92665 1.06064 curveto
71.64536 1.34193 71.26385 1.5 70.86601 1.5 curveto
70.46817 1.5 70.08667 1.34193 69.80537 1.06064 curveto
69.52408 0.77934 69.36601 0.39784 69.36601 0 curveto
69.36601 -0.39784 69.52408 -0.77934 69.80537 -1.06064 curveto
70.08667 -1.34193 70.46817 -1.5 70.86601 -1.5 curveto
71.26385 -1.5 71.64536 -1.34193 71.92665 -1.06064 curveto
72.20795 -0.77934 72.36601 -0.39784 72.36601 0 curveto closepath fill
 0 0 0 setrgbcolor
newpath 72.36601 0 moveto
72.36601 0.39784 72.20795 0.77934 71.92665 1.06064 curveto
71.64536 1.34193 71.26385 1.5 70.86601 1.5 curveto
70.46817 1.5 70.08667 1.34193 69.80537 1.06064 curveto
69.52408 0.77934 69.36601 0.39784 69.36601 0 curveto
69.36601 -0.39784 69.52408 -0.77934 69.80537 -1.06064 curveto
70.08667 -1.34193 70.46817 -1.5 70.86601 -1.5 curveto
71.26385 -1.5 71.64536 -1.34193 71.92665 -1.06064 curveto
72.20795 -0.77934 72.36601 -0.39784 72.36601 0 curveto closepath stroke
72.966 78.63528 moveto
(C) lmmi12 11.95517 fshow
 1 1 1 setrgbcolor
newpath 72.36601 76.5353 moveto
72.36601 76.93314 72.20795 77.31464 71.92665 77.59593 curveto
71.64536 77.87723 71.26385 78.0353 70.86601 78.0353 curveto
70.46817 78.0353 70.08667 77.87723 69.80537 77.59593 curveto
69.52408 77.31464 69.36601 76.93314 69.36601 76.5353 curveto
69.36601 76.13745 69.52408 75.75595 69.80537 75.47466 curveto
70.08667 75.19336 70.46817 75.0353 70.86601 75.0353 curveto
71.26385 75.0353 71.64536 75.19336 71.92665 75.47466 curveto
72.20795 75.75595 72.36601 76.13745 72.36601 76.5353 curveto closepath fill
 0 0 0 setrgbcolor
newpath 72.36601 76.5353 moveto
72.36601 76.93314 72.20795 77.31464 71.92665 77.59593 curveto
71.64536 77.87723 71.26385 78.0353 70.86601 78.0353 curveto
70.46817 78.0353 70.08667 77.87723 69.80537 77.59593 curveto
69.52408 77.31464 69.36601 76.93314 69.36601 76.5353 curveto
69.36601 76.13745 69.52408 75.75595 69.80537 75.47466 curveto
70.08667 75.19336 70.46817 75.0353 70.86601 75.0353 curveto
71.26385 75.0353 71.64536 75.19336 71.92665 75.47466 curveto
72.20795 75.75595 72.36601 76.13745 72.36601 76.5353 curveto closepath stroke
-12.14449 78.63528 moveto
(D) lmmi12 11.95517 fshow
 1 1 1 setrgbcolor
newpath 1.5 76.5353 moveto
1.5 76.93314 1.34193 77.31464 1.06064 77.59593 curveto
0.77934 77.87723 0.39784 78.0353 0 78.0353 curveto
-0.39784 78.0353 -0.77934 77.87723 -1.06064 77.59593 curveto
-1.34193 77.31464 -1.5 76.93314 -1.5 76.5353 curveto
-1.5 76.13745 -1.34193 75.75595 -1.06064 75.47466 curveto
-0.77934 75.19336 -0.39784 75.0353 0 75.0353 curveto
0.39784 75.0353 0.77934 75.19336 1.06064 75.47466 curveto
1.34193 75.75595 1.5 76.13745 1.5 76.5353 curveto closepath fill
 0 0 0 setrgbcolor
newpath 1.5 76.5353 moveto
1.5 76.93314 1.34193 77.31464 1.06064 77.59593 curveto
0.77934 77.87723 0.39784 78.0353 0 78.0353 curveto
-0.39784 78.0353 -0.77934 77.87723 -1.06064 77.59593 curveto
-1.34193 77.31464 -1.5 76.93314 -1.5 76.5353 curveto
-1.5 76.13745 -1.34193 75.75595 -1.06064 75.47466 curveto
-0.77934 75.19336 -0.39784 75.0353 0 75.0353 curveto
0.39784 75.0353 0.77934 75.19336 1.06064 75.47466 curveto
1.34193 75.75595 1.5 76.13745 1.5 76.5353 curveto closepath stroke
-12.3662 34.18295 moveto
(E) lmmi12 11.95517 fshow
 1 1 1 setrgbcolor
newpath 1.5 38.26765 moveto
1.5 38.6655 1.34193 39.047 1.06064 39.3283 curveto
0.77934 39.60959 0.39784 39.76765 0 39.76765 curveto
-0.39784 39.76765 -0.77934 39.60959 -1.06064 39.3283 curveto
-1.34193 39.047 -1.5 38.6655 -1.5 38.26765 curveto
-1.5 37.86981 -1.34193 37.48831 -1.06064 37.20702 curveto
-0.77934 36.92572 -0.39784 36.76765 0 36.76765 curveto
0.39784 36.76765 0.77934 36.92572 1.06064 37.20702 curveto
1.34193 37.48831 1.5 37.86981 1.5 38.26765 curveto closepath fill
 0 0 0 setrgbcolor
newpath 1.5 38.26765 moveto
1.5 38.6655 1.34193 39.047 1.06064 39.3283 curveto
0.77934 39.60959 0.39784 39.76765 0 39.76765 curveto
-0.39784 39.76765 -0.77934 39.60959 -1.06064 39.3283 curveto
-1.34193 39.047 -1.5 38.6655 -1.5 38.26765 curveto
-1.5 37.86981 -1.34193 37.48831 -1.06064 37.20702 curveto
-0.77934 36.92572 -0.39784 36.76765 0 36.76765 curveto
0.39784 36.76765 0.77934 36.92572 1.06064 37.20702 curveto
1.34193 37.48831 1.5 37.86981 1.5 38.26765 curveto closepath stroke
34.26599 62.25647 moveto
(F) lmmi12 11.95517 fshow
 1 1 1 setrgbcolor
newpath 40.3678 59.25647 moveto
40.3678 59.65431 40.20973 60.03581 39.92844 60.31711 curveto
39.64714 60.5984 39.26564 60.75647 38.8678 60.75647 curveto
38.46996 60.75647 38.08846 60.5984 37.80716 60.31711 curveto
37.52586 60.03581 37.3678 59.65431 37.3678 59.25647 curveto
37.3678 58.85863 37.52586 58.47713 37.80716 58.19583 curveto
38.08846 57.91454 38.46996 57.75647 38.8678 57.75647 curveto
39.26564 57.75647 39.64714 57.91454 39.92844 58.19583 curveto
40.20973 58.47713 40.3678 58.85863 40.3678 59.25647 curveto closepath fill
 0 0 0 setrgbcolor
newpath 40.3678 59.25647 moveto
40.3678 59.65431 40.20973 60.03581 39.92844 60.31711 curveto
39.64714 60.5984 39.26564 60.75647 38.8678 60.75647 curveto
38.46996 60.75647 38.08846 60.5984 37.80716 60.31711 curveto
37.52586 60.03581 37.3678 59.65431 37.3678 59.25647 curveto
37.3678 58.85863 37.52586 58.47713 37.80716 58.19583 curveto
38.08846 57.91454 38.46996 57.75647 38.8678 57.75647 curveto
39.26564 57.75647 39.64714 57.91454 39.92844 58.19583 curveto
40.20973 58.47713 40.3678 58.85863 40.3678 59.25647 curveto closepath stroke
-12.2336 55.17177 moveto
(G) lmmi12 11.95517 fshow
 1 1 1 setrgbcolor
newpath 1.5 59.25647 moveto
1.5 59.65431 1.34193 60.03581 1.06064 60.31711 curveto
0.77934 60.5984 0.39784 60.75647 0 60.75647 curveto
-0.39784 60.75647 -0.77934 60.5984 -1.06064 60.31711 curveto
-1.34193 60.03581 -1.5 59.65431 -1.5 59.25647 curveto
-1.5 58.85863 -1.34193 58.47713 -1.06064 58.19583 curveto
-0.77934 57.91454 -0.39784 57.75647 0 57.75647 curveto
0.39784 57.75647 0.77934 57.91454 1.06064 58.19583 curveto
1.34193 58.47713 1.5 58.85863 1.5 59.25647 curveto closepath fill
 0 0 0 setrgbcolor
newpath 1.5 59.25647 moveto
1.5 59.65431 1.34193 60.03581 1.06064 60.31711 curveto
0.77934 60.5984 0.39784 60.75647 0 60.75647 curveto
-0.39784 60.75647 -0.77934 60.5984 -1.06064 60.31711 curveto
-1.34193 60.03581 -1.5 59.65431 -1.5 59.25647 curveto
-1.5 58.85863 -1.34193 58.47713 -1.06064 58.19583 curveto
-0.77934 57.91454 -0.39784 57.75647 0 57.75647 curveto
0.39784 57.75647 0.77934 57.91454 1.06064 58.19583 curveto
1.34193 58.47713 1.5 58.85863 1.5 59.25647 curveto closepath stroke
showpage
%%EOF
