%!PS
%%BoundingBox: -78 -43 76 43 
%%HiResBoundingBox: -77.11858 -42.91739 75.09216 42.91739 
%%Creator: MetaPost 2.02
%%CreationDate: 2023.09.18:1713
%%Pages: 1
%*Font: lmmi12 11.95517 11.95517 41:f03e
%%BeginProlog
%%EndProlog
%%Page: 1 1
 0 0 0 setrgbcolor 0.5 0 dtransform exch truncate exch idtransform pop setlinewidth
 [6 2 ] 3 setdash 1 setlinecap 1 setlinejoin 10 setmiterlimit
newpath 0 -31.74799 moveto
0 31.74799 lineto stroke
 1 1 0.8 setrgbcolor
newpath -55.55898 -31.74799 moveto
63.49597 -7.937 lineto
55.55898 31.74799 lineto
-63.49597 7.937 lineto
 closepath fill
 0 0 0 setrgbcolor 0 0.5 dtransform truncate idtransform setlinewidth pop
newpath -15.8746 -23.81111 moveto
-23.8116 15.87387 lineto stroke
newpath 23.8116 -15.87387 moveto
15.8746 23.81111 lineto stroke
 [] 0 setdash
newpath -55.55898 -31.74799 moveto
63.49597 -7.937 lineto
55.55898 31.74799 lineto
-63.49597 7.937 lineto
 closepath stroke
 0 1 dtransform truncate idtransform setlinewidth pop
newpath -63.49597 -31.74799 moveto
63.49597 -31.74799 lineto
63.49597 31.74799 lineto
-63.49597 31.74799 lineto
 closepath stroke
-74.37126 -42.01738 moveto
(A) lmmi12 11.95517 fshow
 1 1 1 setrgbcolor
newpath -61.99597 -31.74799 moveto
-61.99597 -31.35014 -62.15404 -30.96864 -62.43533 -30.68735 curveto
-62.71663 -30.40605 -63.09813 -30.24799 -63.49597 -30.24799 curveto
-63.89381 -30.24799 -64.27531 -30.40605 -64.55661 -30.68735 curveto
-64.8379 -30.96864 -64.99597 -31.35014 -64.99597 -31.74799 curveto
-64.99597 -32.14583 -64.8379 -32.52733 -64.55661 -32.80862 curveto
-64.27531 -33.08992 -63.89381 -33.24799 -63.49597 -33.24799 curveto
-63.09813 -33.24799 -62.71663 -33.08992 -62.43533 -32.80862 curveto
-62.15404 -32.52733 -61.99597 -32.14583 -61.99597 -31.74799 curveto closepath fill
 0 0 0 setrgbcolor 0 0.5 dtransform truncate idtransform setlinewidth pop
newpath -61.99597 -31.74799 moveto
-61.99597 -31.35014 -62.15404 -30.96864 -62.43533 -30.68735 curveto
-62.71663 -30.40605 -63.09813 -30.24799 -63.49597 -30.24799 curveto
-63.89381 -30.24799 -64.27531 -30.40605 -64.55661 -30.68735 curveto
-64.8379 -30.96864 -64.99597 -31.35014 -64.99597 -31.74799 curveto
-64.99597 -32.14583 -64.8379 -32.52733 -64.55661 -32.80862 curveto
-64.27531 -33.08992 -63.89381 -33.24799 -63.49597 -33.24799 curveto
-63.09813 -33.24799 -62.71663 -33.08992 -62.43533 -32.80862 curveto
-62.15404 -32.52733 -61.99597 -32.14583 -61.99597 -31.74799 curveto closepath stroke
65.59596 -42.01738 moveto
(B) lmmi12 11.95517 fshow
 1 1 1 setrgbcolor
newpath 64.99597 -31.74799 moveto
64.99597 -31.35014 64.8379 -30.96864 64.55661 -30.68735 curveto
64.27531 -30.40605 63.89381 -30.24799 63.49597 -30.24799 curveto
63.09813 -30.24799 62.71663 -30.40605 62.43533 -30.68735 curveto
62.15404 -30.96864 61.99597 -31.35014 61.99597 -31.74799 curveto
61.99597 -32.14583 62.15404 -32.52733 62.43533 -32.80862 curveto
62.71663 -33.08992 63.09813 -33.24799 63.49597 -33.24799 curveto
63.89381 -33.24799 64.27531 -33.08992 64.55661 -32.80862 curveto
64.8379 -32.52733 64.99597 -32.14583 64.99597 -31.74799 curveto closepath fill
 0 0 0 setrgbcolor
newpath 64.99597 -31.74799 moveto
64.99597 -31.35014 64.8379 -30.96864 64.55661 -30.68735 curveto
64.27531 -30.40605 63.89381 -30.24799 63.49597 -30.24799 curveto
63.09813 -30.24799 62.71663 -30.40605 62.43533 -30.68735 curveto
62.15404 -30.96864 61.99597 -31.35014 61.99597 -31.74799 curveto
61.99597 -32.14583 62.15404 -32.52733 62.43533 -32.80862 curveto
62.71663 -33.08992 63.09813 -33.24799 63.49597 -33.24799 curveto
63.89381 -33.24799 64.27531 -33.08992 64.55661 -32.80862 curveto
64.8379 -32.52733 64.99597 -32.14583 64.99597 -31.74799 curveto closepath stroke
65.59596 33.84798 moveto
(C) lmmi12 11.95517 fshow
 1 1 1 setrgbcolor
newpath 64.99597 31.74799 moveto
64.99597 32.14583 64.8379 32.52733 64.55661 32.80862 curveto
64.27531 33.08992 63.89381 33.24799 63.49597 33.24799 curveto
63.09813 33.24799 62.71663 33.08992 62.43533 32.80862 curveto
62.15404 32.52733 61.99597 32.14583 61.99597 31.74799 curveto
61.99597 31.35014 62.15404 30.96864 62.43533 30.68735 curveto
62.71663 30.40605 63.09813 30.24799 63.49597 30.24799 curveto
63.89381 30.24799 64.27531 30.40605 64.55661 30.68735 curveto
64.8379 30.96864 64.99597 31.35014 64.99597 31.74799 curveto closepath fill
 0 0 0 setrgbcolor
newpath 64.99597 31.74799 moveto
64.99597 32.14583 64.8379 32.52733 64.55661 32.80862 curveto
64.27531 33.08992 63.89381 33.24799 63.49597 33.24799 curveto
63.09813 33.24799 62.71663 33.08992 62.43533 32.80862 curveto
62.15404 32.52733 61.99597 32.14583 61.99597 31.74799 curveto
61.99597 31.35014 62.15404 30.96864 62.43533 30.68735 curveto
62.71663 30.40605 63.09813 30.24799 63.49597 30.24799 curveto
63.89381 30.24799 64.27531 30.40605 64.55661 30.68735 curveto
64.8379 30.96864 64.99597 31.35014 64.99597 31.74799 curveto closepath stroke
-75.64046 33.84798 moveto
(D) lmmi12 11.95517 fshow
 1 1 1 setrgbcolor
newpath -61.99597 31.74799 moveto
-61.99597 32.14583 -62.15404 32.52733 -62.43533 32.80862 curveto
-62.71663 33.08992 -63.09813 33.24799 -63.49597 33.24799 curveto
-63.89381 33.24799 -64.27531 33.08992 -64.55661 32.80862 curveto
-64.8379 32.52733 -64.99597 32.14583 -64.99597 31.74799 curveto
-64.99597 31.35014 -64.8379 30.96864 -64.55661 30.68735 curveto
-64.27531 30.40605 -63.89381 30.24799 -63.49597 30.24799 curveto
-63.09813 30.24799 -62.71663 30.40605 -62.43533 30.68735 curveto
-62.15404 30.96864 -61.99597 31.35014 -61.99597 31.74799 curveto closepath fill
 0 0 0 setrgbcolor
newpath -61.99597 31.74799 moveto
-61.99597 32.14583 -62.15404 32.52733 -62.43533 32.80862 curveto
-62.71663 33.08992 -63.09813 33.24799 -63.49597 33.24799 curveto
-63.89381 33.24799 -64.27531 33.08992 -64.55661 32.80862 curveto
-64.8379 32.52733 -64.99597 32.14583 -64.99597 31.74799 curveto
-64.99597 31.35014 -64.8379 30.96864 -64.55661 30.68735 curveto
-64.27531 30.40605 -63.89381 30.24799 -63.49597 30.24799 curveto
-63.09813 30.24799 -62.71663 30.40605 -62.43533 30.68735 curveto
-62.15404 30.96864 -61.99597 31.35014 -61.99597 31.74799 curveto closepath stroke
-60.96783 -42.91739 moveto
(K) lmmi12 11.95517 fshow
 1 1 1 setrgbcolor
newpath -54.05898 -31.74799 moveto
-54.05898 -31.35014 -54.21704 -30.96864 -54.49834 -30.68735 curveto
-54.77963 -30.40605 -55.16113 -30.24799 -55.55898 -30.24799 curveto
-55.95682 -30.24799 -56.33832 -30.40605 -56.61961 -30.68735 curveto
-56.90091 -30.96864 -57.05898 -31.35014 -57.05898 -31.74799 curveto
-57.05898 -32.14583 -56.90091 -32.52733 -56.61961 -32.80862 curveto
-56.33832 -33.08992 -55.95682 -33.24799 -55.55898 -33.24799 curveto
-55.16113 -33.24799 -54.77963 -33.08992 -54.49834 -32.80862 curveto
-54.21704 -32.52733 -54.05898 -32.14583 -54.05898 -31.74799 curveto closepath fill
 0 0 0 setrgbcolor
newpath -54.05898 -31.74799 moveto
-54.05898 -31.35014 -54.21704 -30.96864 -54.49834 -30.68735 curveto
-54.77963 -30.40605 -55.16113 -30.24799 -55.55898 -30.24799 curveto
-55.95682 -30.24799 -56.33832 -30.40605 -56.61961 -30.68735 curveto
-56.90091 -30.96864 -57.05898 -31.35014 -57.05898 -31.74799 curveto
-57.05898 -32.14583 -56.90091 -32.52733 -56.61961 -32.80862 curveto
-56.33832 -33.08992 -55.95682 -33.24799 -55.55898 -33.24799 curveto
-55.16113 -33.24799 -54.77963 -33.08992 -54.49834 -32.80862 curveto
-54.21704 -32.52733 -54.05898 -32.14583 -54.05898 -31.74799 curveto closepath stroke
66.49597 -12.0217 moveto
(L) lmmi12 11.95517 fshow
 1 1 1 setrgbcolor
newpath 64.99597 -7.937 moveto
64.99597 -7.53915 64.8379 -7.15765 64.55661 -6.87636 curveto
64.27531 -6.59506 63.89381 -6.437 63.49597 -6.437 curveto
63.09813 -6.437 62.71663 -6.59506 62.43533 -6.87636 curveto
62.15404 -7.15765 61.99597 -7.53915 61.99597 -7.937 curveto
61.99597 -8.33484 62.15404 -8.71634 62.43533 -8.99763 curveto
62.71663 -9.27893 63.09813 -9.437 63.49597 -9.437 curveto
63.89381 -9.437 64.27531 -9.27893 64.55661 -8.99763 curveto
64.8379 -8.71634 64.99597 -8.33484 64.99597 -7.937 curveto closepath fill
 0 0 0 setrgbcolor
newpath 64.99597 -7.937 moveto
64.99597 -7.53915 64.8379 -7.15765 64.55661 -6.87636 curveto
64.27531 -6.59506 63.89381 -6.437 63.49597 -6.437 curveto
63.09813 -6.437 62.71663 -6.59506 62.43533 -6.87636 curveto
62.15404 -7.15765 61.99597 -7.53915 61.99597 -7.937 curveto
61.99597 -8.33484 62.15404 -8.71634 62.43533 -8.99763 curveto
62.71663 -9.27893 63.09813 -9.437 63.49597 -9.437 curveto
63.89381 -9.437 64.27531 -9.27893 64.55661 -8.99763 curveto
64.8379 -8.71634 64.99597 -8.33484 64.99597 -7.937 curveto closepath stroke
49.27217 34.74799 moveto
(M) lmmi12 11.95517 fshow
 1 1 1 setrgbcolor
newpath 57.05898 31.74799 moveto
57.05898 32.14583 56.90091 32.52733 56.61961 32.80862 curveto
56.33832 33.08992 55.95682 33.24799 55.55898 33.24799 curveto
55.16113 33.24799 54.77963 33.08992 54.49834 32.80862 curveto
54.21704 32.52733 54.05898 32.14583 54.05898 31.74799 curveto
54.05898 31.35014 54.21704 30.96864 54.49834 30.68735 curveto
54.77963 30.40605 55.16113 30.24799 55.55898 30.24799 curveto
55.95682 30.24799 56.33832 30.40605 56.61961 30.68735 curveto
56.90091 30.96864 57.05898 31.35014 57.05898 31.74799 curveto closepath fill
 0 0 0 setrgbcolor
newpath 57.05898 31.74799 moveto
57.05898 32.14583 56.90091 32.52733 56.61961 32.80862 curveto
56.33832 33.08992 55.95682 33.24799 55.55898 33.24799 curveto
55.16113 33.24799 54.77963 33.08992 54.49834 32.80862 curveto
54.21704 32.52733 54.05898 32.14583 54.05898 31.74799 curveto
54.05898 31.35014 54.21704 30.96864 54.49834 30.68735 curveto
54.77963 30.40605 55.16113 30.24799 55.55898 30.24799 curveto
55.95682 30.24799 56.33832 30.40605 56.61961 30.68735 curveto
56.90091 30.96864 57.05898 31.35014 57.05898 31.74799 curveto closepath stroke
-77.11858 3.8523 moveto
(N) lmmi12 11.95517 fshow
 1 1 1 setrgbcolor
newpath -61.99597 7.937 moveto
-61.99597 8.33484 -62.15404 8.71634 -62.43533 8.99763 curveto
-62.71663 9.27893 -63.09813 9.437 -63.49597 9.437 curveto
-63.89381 9.437 -64.27531 9.27893 -64.55661 8.99763 curveto
-64.8379 8.71634 -64.99597 8.33484 -64.99597 7.937 curveto
-64.99597 7.53915 -64.8379 7.15765 -64.55661 6.87636 curveto
-64.27531 6.59506 -63.89381 6.437 -63.49597 6.437 curveto
-63.09813 6.437 -62.71663 6.59506 -62.43533 6.87636 curveto
-62.15404 7.15765 -61.99597 7.53915 -61.99597 7.937 curveto closepath fill
 0 0 0 setrgbcolor
newpath -61.99597 7.937 moveto
-61.99597 8.33484 -62.15404 8.71634 -62.43533 8.99763 curveto
-62.71663 9.27893 -63.09813 9.437 -63.49597 9.437 curveto
-63.89381 9.437 -64.27531 9.27893 -64.55661 8.99763 curveto
-64.8379 8.71634 -64.99597 8.33484 -64.99597 7.937 curveto
-64.99597 7.53915 -64.8379 7.15765 -64.55661 6.87636 curveto
-64.27531 6.59506 -63.89381 6.437 -63.49597 6.437 curveto
-63.09813 6.437 -62.71663 6.59506 -62.43533 6.87636 curveto
-62.15404 7.15765 -61.99597 7.53915 -61.99597 7.937 curveto closepath stroke
showpage
%%EOF
