%!PS
%%BoundingBox: -96 -63 40 12 
%%HiResBoundingBox: -95.9145 -62.6282 39.68 11.1694 
%%Creator: MetaPost 2.02
%%CreationDate: 2023.09.18:1713
%%Pages: 1
%*Font: lmmi12 11.95517 11.95517 41:e02c
%%BeginProlog
%%EndProlog
%%Page: 1 1
 0 0 0 setrgbcolor 0 1 dtransform truncate idtransform setlinewidth pop
 [] 0 setdash 1 setlinecap 1 setlinejoin 10 setmiterlimit
newpath -85.03922 -49.09755 moveto
0 0 lineto
28.3464 -49.09755 lineto stroke
 0 0 1 setrgbcolor
newpath -85.03922 -49.09755 moveto
28.3464 -49.09755 lineto stroke
 0 0.5 dtransform truncate idtransform setlinewidth pop
newpath 0 0 moveto
-28.3464 -49.09755 lineto stroke
 0 1 1 setrgbcolor
newpath 26.76892 -62.3782 moveto
27.80873 -58.06396 28.3464 -53.60855 28.3464 -49.09755 curveto
28.3464 -34.06102 22.37227 -19.64214 11.74065 -9.0105 curveto
1.10901 1.62112 -13.30988 7.59526 -28.3464 7.59526 curveto
-35.36357 7.59526 -42.24623 6.29417 -48.67223 3.82584 curveto stroke
newpath -63.98639 -5.00943 moveto
-65.53107 -6.25824 -67.01593 -7.59297 -68.43346 -9.0105 curveto
-79.06508 -19.64214 -85.03922 -34.06102 -85.03922 -49.09755 curveto
-85.03922 -53.60855 -84.50154 -58.06396 -83.46173 -62.3782 curveto stroke
 0 0 0 setrgbcolor
newpath -85.03922 -49.09755 moveto
-56.69281 0 lineto
0 0 lineto stroke
newpath -28.3464 -49.09755 moveto
-56.69281 0 lineto stroke
newpath -6.03954 -3.48692 moveto
-4.11378 -6.8224 0.15143 -7.96527 3.48692 -6.03954 curveto stroke
 0 1 dtransform truncate idtransform setlinewidth pop
newpath -1.02103 -3.81058 moveto 0 0 rlineto stroke
 0 0.5 dtransform truncate idtransform setlinewidth pop
gsave newpath 10.31543 -24.73479 moveto
16.86867 -22.3496 lineto
[0.49998 -0.86601 0.86601 0.49998 0 0] concat stroke grestore
gsave newpath 11.47774 -26.74797 moveto
18.03098 -24.36278 lineto
[0.49998 -0.86601 0.86601 0.49998 0 0] concat stroke grestore
gsave newpath -39.29077 -37.00917 moveto
-32.73753 -34.62398 lineto
[0.49998 -0.86601 0.86601 0.49998 0 0] concat stroke grestore
gsave newpath -38.12846 -39.02235 moveto
-31.57523 -36.63716 lineto
[0.49998 -0.86601 0.86601 0.49998 0 0] concat stroke grestore
-95.9145 -59.36694 moveto
(A) lmmi12 11.95517 fshow
 1 1 1 setrgbcolor
newpath -83.53922 -49.09755 moveto
-83.53922 -48.6997 -83.69728 -48.3182 -83.97858 -48.03691 curveto
-84.25987 -47.75562 -84.64137 -47.59755 -85.03922 -47.59755 curveto
-85.43706 -47.59755 -85.81856 -47.75562 -86.09985 -48.03691 curveto
-86.38115 -48.3182 -86.53922 -48.6997 -86.53922 -49.09755 curveto
-86.53922 -49.49539 -86.38115 -49.87689 -86.09985 -50.15819 curveto
-85.81856 -50.43948 -85.43706 -50.59755 -85.03922 -50.59755 curveto
-84.64137 -50.59755 -84.25987 -50.43948 -83.97858 -50.15819 curveto
-83.69728 -49.87689 -83.53922 -49.49539 -83.53922 -49.09755 curveto closepath fill
 0 0 0 setrgbcolor 0 0.5 dtransform truncate idtransform setlinewidth pop
newpath -83.53922 -49.09755 moveto
-83.53922 -48.6997 -83.69728 -48.3182 -83.97858 -48.03691 curveto
-84.25987 -47.75562 -84.64137 -47.59755 -85.03922 -47.59755 curveto
-85.43706 -47.59755 -85.81856 -47.75562 -86.09985 -48.03691 curveto
-86.38115 -48.3182 -86.53922 -48.6997 -86.53922 -49.09755 curveto
-86.53922 -49.49539 -86.38115 -49.87689 -86.09985 -50.15819 curveto
-85.81856 -50.43948 -85.43706 -50.59755 -85.03922 -50.59755 curveto
-84.64137 -50.59755 -84.25987 -50.43948 -83.97858 -50.15819 curveto
-83.69728 -49.87689 -83.53922 -49.49539 -83.53922 -49.09755 curveto closepath stroke
2.09999 2.09999 moveto
(B) lmmi12 11.95517 fshow
 1 1 1 setrgbcolor
newpath 1.5 0 moveto
1.5 0.39784 1.34193 0.77934 1.06064 1.06064 curveto
0.77934 1.34193 0.39784 1.5 0 1.5 curveto
-0.39784 1.5 -0.77934 1.34193 -1.06064 1.06064 curveto
-1.34193 0.77934 -1.5 0.39784 -1.5 0 curveto
-1.5 -0.39784 -1.34193 -0.77934 -1.06064 -1.06064 curveto
-0.77934 -1.34193 -0.39784 -1.5 0 -1.5 curveto
0.39784 -1.5 0.77934 -1.34193 1.06064 -1.06064 curveto
1.34193 -0.77934 1.5 -0.39784 1.5 0 curveto closepath fill
 0 0 0 setrgbcolor
newpath 1.5 0 moveto
1.5 0.39784 1.34193 0.77934 1.06064 1.06064 curveto
0.77934 1.34193 0.39784 1.5 0 1.5 curveto
-0.39784 1.5 -0.77934 1.34193 -1.06064 1.06064 curveto
-1.34193 0.77934 -1.5 0.39784 -1.5 0 curveto
-1.5 -0.39784 -1.34193 -0.77934 -1.06064 -1.06064 curveto
-0.77934 -1.34193 -0.39784 -1.5 0 -1.5 curveto
0.39784 -1.5 0.77934 -1.34193 1.06064 -1.06064 curveto
1.34193 -0.77934 1.5 -0.39784 1.5 0 curveto closepath stroke
30.4464 -59.36694 moveto
(C) lmmi12 11.95517 fshow
 1 1 1 setrgbcolor
newpath 29.8464 -49.09755 moveto
29.8464 -48.6997 29.68834 -48.3182 29.40704 -48.03691 curveto
29.12575 -47.75562 28.74425 -47.59755 28.3464 -47.59755 curveto
27.94856 -47.59755 27.56706 -47.75562 27.28577 -48.03691 curveto
27.00447 -48.3182 26.8464 -48.6997 26.8464 -49.09755 curveto
26.8464 -49.49539 27.00447 -49.87689 27.28577 -50.15819 curveto
27.56706 -50.43948 27.94856 -50.59755 28.3464 -50.59755 curveto
28.74425 -50.59755 29.12575 -50.43948 29.40704 -50.15819 curveto
29.68834 -49.87689 29.8464 -49.49539 29.8464 -49.09755 curveto closepath fill
 0 0 0 setrgbcolor
newpath 29.8464 -49.09755 moveto
29.8464 -48.6997 29.68834 -48.3182 29.40704 -48.03691 curveto
29.12575 -47.75562 28.74425 -47.59755 28.3464 -47.59755 curveto
27.94856 -47.59755 27.56706 -47.75562 27.28577 -48.03691 curveto
27.00447 -48.3182 26.8464 -48.6997 26.8464 -49.09755 curveto
26.8464 -49.49539 27.00447 -49.87689 27.28577 -50.15819 curveto
27.56706 -50.43948 27.94856 -50.59755 28.3464 -50.59755 curveto
28.74425 -50.59755 29.12575 -50.43948 29.40704 -50.15819 curveto
29.68834 -49.87689 29.8464 -49.49539 29.8464 -49.09755 curveto closepath stroke
-34.63321 -60.26695 moveto
(M) lmmi12 11.95517 fshow
 1 1 1 setrgbcolor
newpath -26.8464 -49.09755 moveto
-26.8464 -48.6997 -27.00447 -48.3182 -27.28577 -48.03691 curveto
-27.56706 -47.75562 -27.94856 -47.59755 -28.3464 -47.59755 curveto
-28.74425 -47.59755 -29.12575 -47.75562 -29.40704 -48.03691 curveto
-29.68834 -48.3182 -29.8464 -48.6997 -29.8464 -49.09755 curveto
-29.8464 -49.49539 -29.68834 -49.87689 -29.40704 -50.15819 curveto
-29.12575 -50.43948 -28.74425 -50.59755 -28.3464 -50.59755 curveto
-27.94856 -50.59755 -27.56706 -50.43948 -27.28577 -50.15819 curveto
-27.00447 -49.87689 -26.8464 -49.49539 -26.8464 -49.09755 curveto closepath fill
 0 0 0 setrgbcolor
newpath -26.8464 -49.09755 moveto
-26.8464 -48.6997 -27.00447 -48.3182 -27.28577 -48.03691 curveto
-27.56706 -47.75562 -27.94856 -47.59755 -28.3464 -47.59755 curveto
-28.74425 -47.59755 -29.12575 -47.75562 -29.40704 -48.03691 curveto
-29.68834 -48.3182 -29.8464 -48.6997 -29.8464 -49.09755 curveto
-29.8464 -49.49539 -29.68834 -49.87689 -29.40704 -50.15819 curveto
-29.12575 -50.43948 -28.74425 -50.59755 -28.3464 -50.59755 curveto
-27.94856 -50.59755 -27.56706 -50.43948 -27.28577 -50.15819 curveto
-27.00447 -49.87689 -26.8464 -49.49539 -26.8464 -49.09755 curveto closepath stroke
-62.00412 3 moveto
(N) lmmi12 11.95517 fshow
 1 1 1 setrgbcolor
newpath -55.19281 0 moveto
-55.19281 0.39784 -55.35088 0.77934 -55.63217 1.06064 curveto
-55.91347 1.34193 -56.29497 1.5 -56.69281 1.5 curveto
-57.09065 1.5 -57.47215 1.34193 -57.75345 1.06064 curveto
-58.03474 0.77934 -58.19281 0.39784 -58.19281 0 curveto
-58.19281 -0.39784 -58.03474 -0.77934 -57.75345 -1.06064 curveto
-57.47215 -1.34193 -57.09065 -1.5 -56.69281 -1.5 curveto
-56.29497 -1.5 -55.91347 -1.34193 -55.63217 -1.06064 curveto
-55.35088 -0.77934 -55.19281 -0.39784 -55.19281 0 curveto closepath fill
 0 0 0 setrgbcolor
newpath -55.19281 0 moveto
-55.19281 0.39784 -55.35088 0.77934 -55.63217 1.06064 curveto
-55.91347 1.34193 -56.29497 1.5 -56.69281 1.5 curveto
-57.09065 1.5 -57.47215 1.34193 -57.75345 1.06064 curveto
-58.03474 0.77934 -58.19281 0.39784 -58.19281 0 curveto
-58.19281 -0.39784 -58.03474 -0.77934 -57.75345 -1.06064 curveto
-57.47215 -1.34193 -57.09065 -1.5 -56.69281 -1.5 curveto
-56.29497 -1.5 -55.91347 -1.34193 -55.63217 -1.06064 curveto
-55.35088 -0.77934 -55.19281 -0.39784 -55.19281 0 curveto closepath stroke
-44.92847 -19.54877 moveto
(K) lmmi12 11.95517 fshow
 1 1 1 setrgbcolor
newpath -41.0196 -24.54877 moveto
-41.0196 -24.15092 -41.17767 -23.76942 -41.45897 -23.48813 curveto
-41.74026 -23.20683 -42.12177 -23.04877 -42.5196 -23.04877 curveto
-42.91745 -23.04877 -43.29895 -23.20683 -43.58025 -23.48813 curveto
-43.86154 -23.76942 -44.0196 -24.15092 -44.0196 -24.54877 curveto
-44.0196 -24.94661 -43.86154 -25.32811 -43.58025 -25.6094 curveto
-43.29895 -25.8907 -42.91745 -26.04877 -42.5196 -26.04877 curveto
-42.12177 -26.04877 -41.74026 -25.8907 -41.45897 -25.6094 curveto
-41.17767 -25.32811 -41.0196 -24.94661 -41.0196 -24.54877 curveto closepath fill
 0 0 0 setrgbcolor
newpath -41.0196 -24.54877 moveto
-41.0196 -24.15092 -41.17767 -23.76942 -41.45897 -23.48813 curveto
-41.74026 -23.20683 -42.12177 -23.04877 -42.5196 -23.04877 curveto
-42.91745 -23.04877 -43.29895 -23.20683 -43.58025 -23.48813 curveto
-43.86154 -23.76942 -44.0196 -24.15092 -44.0196 -24.54877 curveto
-44.0196 -24.94661 -43.86154 -25.32811 -43.58025 -25.6094 curveto
-43.29895 -25.8907 -42.91745 -26.04877 -42.5196 -26.04877 curveto
-42.12177 -26.04877 -41.74026 -25.8907 -41.45897 -25.6094 curveto
-41.17767 -25.32811 -41.0196 -24.94661 -41.0196 -24.54877 curveto closepath stroke
showpage
%%EOF
