%!PS
%%BoundingBox: -23 -23 68 51 
%%HiResBoundingBox: -22.92712 -22.92712 67.1478 50.13995 
%%Creator: MetaPost 2.02
%%CreationDate: 2023.09.18:1713
%%Pages: 1
%*Font: lmmi12 11.95517 11.95517 41:f03e0000000001
%%BeginProlog
%%EndProlog
%%Page: 1 1
 0 0 0 setrgbcolor 0 0.5 dtransform truncate idtransform setlinewidth pop
 [] 0 setdash 1 setlinejoin 10 setmiterlimit
newpath 0 0 moveto
45.35425 0 lineto
45.35425 -22.67712 lineto
-22.67712 -22.67712 lineto
-22.67712 22.67712 lineto
0 22.67712 lineto
 closepath stroke
 1 setlinecap
newpath -22.67712 0 moveto
0 0 lineto
0 -22.67712 lineto stroke
 0.5 0 dtransform exch truncate exch idtransform pop setlinewidth
newpath 22.67712 0 moveto
22.67712 -22.67712 lineto stroke
 0 0.5 dtransform truncate idtransform setlinewidth pop
newpath 17.00784 0 moveto
53.29138 27.21283 lineto
39.68497 45.3546 lineto
39.68497 45.3546 lineto
3.40143 18.14177 lineto
-10.20499 36.28354 lineto
7.93678 49.88995 lineto
48.75603 -4.53535 lineto
66.8978 9.07106 lineto
53.29138 27.21283 lineto stroke
newpath 17.00784 0 moveto
3.40143 18.14177 lineto stroke
-10.87529 12.40773 moveto
(A) lmmi12 11.95517 fshow
 1 1 1 setrgbcolor
newpath 1.5 22.67712 moveto
1.5 23.07497 1.34193 23.45647 1.06064 23.73776 curveto
0.77934 24.01906 0.39784 24.17712 0 24.17712 curveto
-0.39784 24.17712 -0.77934 24.01906 -1.06064 23.73776 curveto
-1.34193 23.45647 -1.5 23.07497 -1.5 22.67712 curveto
-1.5 22.27928 -1.34193 21.89778 -1.06064 21.61649 curveto
-0.77934 21.33519 -0.39784 21.17712 0 21.17712 curveto
0.39784 21.17712 0.77934 21.33519 1.06064 21.61649 curveto
1.34193 21.89778 1.5 22.27928 1.5 22.67712 curveto closepath fill
 0 0 0 setrgbcolor
newpath 1.5 22.67712 moveto
1.5 23.07497 1.34193 23.45647 1.06064 23.73776 curveto
0.77934 24.01906 0.39784 24.17712 0 24.17712 curveto
-0.39784 24.17712 -0.77934 24.01906 -1.06064 23.73776 curveto
-1.34193 23.45647 -1.5 23.07497 -1.5 22.67712 curveto
-1.5 22.27928 -1.34193 21.89778 -1.06064 21.61649 curveto
-0.77934 21.33519 -0.39784 21.17712 0 21.17712 curveto
0.39784 21.17712 0.77934 21.33519 1.06064 21.61649 curveto
1.34193 21.89778 1.5 22.27928 1.5 22.67712 curveto closepath stroke
12.25974 -11.1694 moveto
(B) lmmi12 11.95517 fshow
 1 1 1 setrgbcolor
newpath 18.50784 0 moveto
18.50784 0.39784 18.34978 0.77934 18.06848 1.06064 curveto
17.78719 1.34193 17.40569 1.5 17.00784 1.5 curveto
16.61 1.5 16.2285 1.34193 15.9472 1.06064 curveto
15.66591 0.77934 15.50784 0.39784 15.50784 0 curveto
15.50784 -0.39784 15.66591 -0.77934 15.9472 -1.06064 curveto
16.2285 -1.34193 16.61 -1.5 17.00784 -1.5 curveto
17.40569 -1.5 17.78719 -1.34193 18.06848 -1.06064 curveto
18.34978 -0.77934 18.50784 -0.39784 18.50784 0 curveto closepath fill
 0 0 0 setrgbcolor
newpath 18.50784 0 moveto
18.50784 0.39784 18.34978 0.77934 18.06848 1.06064 curveto
17.78719 1.34193 17.40569 1.5 17.00784 1.5 curveto
16.61 1.5 16.2285 1.34193 15.9472 1.06064 curveto
15.66591 0.77934 15.50784 0.39784 15.50784 0 curveto
15.50784 -0.39784 15.66591 -0.77934 15.9472 -1.06064 curveto
16.2285 -1.34193 16.61 -1.5 17.00784 -1.5 curveto
17.40569 -1.5 17.78719 -1.34193 18.06848 -1.06064 curveto
18.34978 -0.77934 18.50784 -0.39784 18.50784 0 curveto closepath stroke
47.45424 2.09999 moveto
(C) lmmi12 11.95517 fshow
 1 1 1 setrgbcolor
newpath 46.85425 0 moveto
46.85425 0.39784 46.69618 0.77934 46.41489 1.06064 curveto
46.13359 1.34193 45.75209 1.5 45.35425 1.5 curveto
44.9564 1.5 44.5749 1.34193 44.29361 1.06064 curveto
44.01231 0.77934 43.85425 0.39784 43.85425 0 curveto
43.85425 -0.39784 44.01231 -0.77934 44.29361 -1.06064 curveto
44.5749 -1.34193 44.9564 -1.5 45.35425 -1.5 curveto
45.75209 -1.5 46.13359 -1.34193 46.41489 -1.06064 curveto
46.69618 -0.77934 46.85425 -0.39784 46.85425 0 curveto closepath fill
 0 0 0 setrgbcolor
newpath 46.85425 0 moveto
46.85425 0.39784 46.69618 0.77934 46.41489 1.06064 curveto
46.13359 1.34193 45.75209 1.5 45.35425 1.5 curveto
44.9564 1.5 44.5749 1.34193 44.29361 1.06064 curveto
44.01231 0.77934 43.85425 0.39784 43.85425 0 curveto
43.85425 -0.39784 44.01231 -0.77934 44.29361 -1.06064 curveto
44.5749 -1.34193 44.9564 -1.5 45.35425 -1.5 curveto
45.75209 -1.5 46.13359 -1.34193 46.41489 -1.06064 curveto
46.69618 -0.77934 46.85425 -0.39784 46.85425 0 curveto closepath stroke
showpage
%%EOF
