%!PS
%%BoundingBox: -96 -63 40 11 
%%HiResBoundingBox: -95.9145 -62.6282 39.68 10.2694 
%%Creator: MetaPost 2.02
%%CreationDate: 2023.09.18:1713
%%Pages: 1
%*Font: lmmi12 11.95517 11.95517 41:e008
%%BeginProlog
%%EndProlog
%%Page: 1 1
 0 0 0 setrgbcolor 0 1 dtransform truncate idtransform setlinewidth pop
 [] 0 setdash 1 setlinecap 1 setlinejoin 10 setmiterlimit
newpath -85.03922 -49.09755 moveto
0 0 lineto stroke
 0 0 1 setrgbcolor
newpath -85.03922 -49.09755 moveto
28.3464 -49.09755 lineto
0 0 lineto stroke
 0 0.5 dtransform truncate idtransform setlinewidth pop
newpath 0 0 moveto
-28.3464 -49.09755 lineto stroke
 0 1 1 setrgbcolor
newpath 26.76892 -62.3782 moveto
27.80873 -58.06396 28.3464 -53.60855 28.3464 -49.09755 curveto
28.3464 -34.06102 22.37227 -19.64214 11.74065 -9.0105 curveto
1.10901 1.62112 -13.30988 7.59526 -28.3464 7.59526 curveto
-43.38293 7.59526 -57.80182 1.62112 -68.43346 -9.0105 curveto
-79.06508 -19.64214 -85.03922 -34.06102 -85.03922 -49.09755 curveto
-85.03922 -53.60855 -84.50154 -58.06396 -83.46173 -62.3782 curveto stroke
 0 0 0 setrgbcolor
newpath -6.03954 -3.48692 moveto
-4.11378 -6.8224 0.15143 -7.96527 3.48692 -6.03954 curveto stroke
 0 1 dtransform truncate idtransform setlinewidth pop
newpath -1.02103 -3.81058 moveto 0 0 rlineto stroke
-95.9145 -59.36694 moveto
(A) lmmi12 11.95517 fshow
 1 1 1 setrgbcolor
newpath -83.53922 -49.09755 moveto
-83.53922 -48.6997 -83.69728 -48.3182 -83.97858 -48.03691 curveto
-84.25987 -47.75562 -84.64137 -47.59755 -85.03922 -47.59755 curveto
-85.43706 -47.59755 -85.81856 -47.75562 -86.09985 -48.03691 curveto
-86.38115 -48.3182 -86.53922 -48.6997 -86.53922 -49.09755 curveto
-86.53922 -49.49539 -86.38115 -49.87689 -86.09985 -50.15819 curveto
-85.81856 -50.43948 -85.43706 -50.59755 -85.03922 -50.59755 curveto
-84.64137 -50.59755 -84.25987 -50.43948 -83.97858 -50.15819 curveto
-83.69728 -49.87689 -83.53922 -49.49539 -83.53922 -49.09755 curveto closepath fill
 0 0 0 setrgbcolor 0 0.5 dtransform truncate idtransform setlinewidth pop
newpath -83.53922 -49.09755 moveto
-83.53922 -48.6997 -83.69728 -48.3182 -83.97858 -48.03691 curveto
-84.25987 -47.75562 -84.64137 -47.59755 -85.03922 -47.59755 curveto
-85.43706 -47.59755 -85.81856 -47.75562 -86.09985 -48.03691 curveto
-86.38115 -48.3182 -86.53922 -48.6997 -86.53922 -49.09755 curveto
-86.53922 -49.49539 -86.38115 -49.87689 -86.09985 -50.15819 curveto
-85.81856 -50.43948 -85.43706 -50.59755 -85.03922 -50.59755 curveto
-84.64137 -50.59755 -84.25987 -50.43948 -83.97858 -50.15819 curveto
-83.69728 -49.87689 -83.53922 -49.49539 -83.53922 -49.09755 curveto closepath stroke
2.09999 2.09999 moveto
(B) lmmi12 11.95517 fshow
 1 1 1 setrgbcolor
newpath 1.5 0 moveto
1.5 0.39784 1.34193 0.77934 1.06064 1.06064 curveto
0.77934 1.34193 0.39784 1.5 0 1.5 curveto
-0.39784 1.5 -0.77934 1.34193 -1.06064 1.06064 curveto
-1.34193 0.77934 -1.5 0.39784 -1.5 0 curveto
-1.5 -0.39784 -1.34193 -0.77934 -1.06064 -1.06064 curveto
-0.77934 -1.34193 -0.39784 -1.5 0 -1.5 curveto
0.39784 -1.5 0.77934 -1.34193 1.06064 -1.06064 curveto
1.34193 -0.77934 1.5 -0.39784 1.5 0 curveto closepath fill
 0 0 0 setrgbcolor
newpath 1.5 0 moveto
1.5 0.39784 1.34193 0.77934 1.06064 1.06064 curveto
0.77934 1.34193 0.39784 1.5 0 1.5 curveto
-0.39784 1.5 -0.77934 1.34193 -1.06064 1.06064 curveto
-1.34193 0.77934 -1.5 0.39784 -1.5 0 curveto
-1.5 -0.39784 -1.34193 -0.77934 -1.06064 -1.06064 curveto
-0.77934 -1.34193 -0.39784 -1.5 0 -1.5 curveto
0.39784 -1.5 0.77934 -1.34193 1.06064 -1.06064 curveto
1.34193 -0.77934 1.5 -0.39784 1.5 0 curveto closepath stroke
30.4464 -59.36694 moveto
(C) lmmi12 11.95517 fshow
 1 1 1 setrgbcolor
newpath 29.8464 -49.09755 moveto
29.8464 -48.6997 29.68834 -48.3182 29.40704 -48.03691 curveto
29.12575 -47.75562 28.74425 -47.59755 28.3464 -47.59755 curveto
27.94856 -47.59755 27.56706 -47.75562 27.28577 -48.03691 curveto
27.00447 -48.3182 26.8464 -48.6997 26.8464 -49.09755 curveto
26.8464 -49.49539 27.00447 -49.87689 27.28577 -50.15819 curveto
27.56706 -50.43948 27.94856 -50.59755 28.3464 -50.59755 curveto
28.74425 -50.59755 29.12575 -50.43948 29.40704 -50.15819 curveto
29.68834 -49.87689 29.8464 -49.49539 29.8464 -49.09755 curveto closepath fill
 0 0 0 setrgbcolor
newpath 29.8464 -49.09755 moveto
29.8464 -48.6997 29.68834 -48.3182 29.40704 -48.03691 curveto
29.12575 -47.75562 28.74425 -47.59755 28.3464 -47.59755 curveto
27.94856 -47.59755 27.56706 -47.75562 27.28577 -48.03691 curveto
27.00447 -48.3182 26.8464 -48.6997 26.8464 -49.09755 curveto
26.8464 -49.49539 27.00447 -49.87689 27.28577 -50.15819 curveto
27.56706 -50.43948 27.94856 -50.59755 28.3464 -50.59755 curveto
28.74425 -50.59755 29.12575 -50.43948 29.40704 -50.15819 curveto
29.68834 -49.87689 29.8464 -49.49539 29.8464 -49.09755 curveto closepath stroke
-34.63321 -60.26695 moveto
(M) lmmi12 11.95517 fshow
 1 1 1 setrgbcolor
newpath -26.8464 -49.09755 moveto
-26.8464 -48.6997 -27.00447 -48.3182 -27.28577 -48.03691 curveto
-27.56706 -47.75562 -27.94856 -47.59755 -28.3464 -47.59755 curveto
-28.74425 -47.59755 -29.12575 -47.75562 -29.40704 -48.03691 curveto
-29.68834 -48.3182 -29.8464 -48.6997 -29.8464 -49.09755 curveto
-29.8464 -49.49539 -29.68834 -49.87689 -29.40704 -50.15819 curveto
-29.12575 -50.43948 -28.74425 -50.59755 -28.3464 -50.59755 curveto
-27.94856 -50.59755 -27.56706 -50.43948 -27.28577 -50.15819 curveto
-27.00447 -49.87689 -26.8464 -49.49539 -26.8464 -49.09755 curveto closepath fill
 0 0 0 setrgbcolor
newpath -26.8464 -49.09755 moveto
-26.8464 -48.6997 -27.00447 -48.3182 -27.28577 -48.03691 curveto
-27.56706 -47.75562 -27.94856 -47.59755 -28.3464 -47.59755 curveto
-28.74425 -47.59755 -29.12575 -47.75562 -29.40704 -48.03691 curveto
-29.68834 -48.3182 -29.8464 -48.6997 -29.8464 -49.09755 curveto
-29.8464 -49.49539 -29.68834 -49.87689 -29.40704 -50.15819 curveto
-29.12575 -50.43948 -28.74425 -50.59755 -28.3464 -50.59755 curveto
-27.94856 -50.59755 -27.56706 -50.43948 -27.28577 -50.15819 curveto
-27.00447 -49.87689 -26.8464 -49.49539 -26.8464 -49.09755 curveto closepath stroke
showpage
%%EOF
