%!PS
%%BoundingBox: -11 -11 246 128 
%%HiResBoundingBox: -10.17125 -10.17125 245.90369 127.38159 
%%Creator: MetaPost 1.999
%%CreationDate: 2022.08.03:1343
%%Pages: 1
%*Font: cs-lmr10 9.96265 9.96265 31:ff08
%*Font: lmmi10 9.96265 9.96265 41:e003a0000024018
%*Font: lmsy7 6.97385 6.97385 30:8
%%BeginProlog
%%EndProlog
%%Page: 1 1
 0 0 0 setrgbcolor 0 0.5 dtransform truncate idtransform setlinewidth pop
 [] 0 setdash 1 setlinecap 1 setlinejoin 10 setmiterlimit
newpath -9.92125 0 moveto
238.1098 0 lineto stroke
newpath 234.41394 -1.53091 moveto
238.1098 0 lineto
234.41394 1.53091 lineto
 closepath
gsave fill grestore stroke
 0.5 0 dtransform exch truncate exch idtransform pop setlinewidth
newpath 0 -9.92125 moveto
0 119.0549 lineto stroke
 0 0.5 dtransform truncate idtransform setlinewidth pop
newpath 1.5304 115.3603 moveto
0 119.0549 lineto
-1.5304 115.3603 lineto
 closepath
gsave fill grestore stroke
 0 0 1 setrgbcolor
newpath 0 0 moveto
238.1098 119.0549 lineto stroke
 0 0.7 0 setrgbcolor [6 2 ] 3 setdash
newpath 79.36993 79.36993 moveto
158.73987 39.68497 lineto stroke
 1 1 1 setrgbcolor
newpath 21.34248 19.84248 moveto
21.34248 20.24033 21.18442 20.62183 20.90312 20.90312 curveto
20.62183 21.18442 20.24033 21.34248 19.84248 21.34248 curveto
19.44464 21.34248 19.06314 21.18442 18.78185 20.90312 curveto
18.50055 20.62183 18.34248 20.24033 18.34248 19.84248 curveto
18.34248 19.44464 18.50055 19.06314 18.78185 18.78185 curveto
19.06314 18.50055 19.44464 18.34248 19.84248 18.34248 curveto
20.24033 18.34248 20.62183 18.50055 20.90312 18.78185 curveto
21.18442 19.06314 21.34248 19.44464 21.34248 19.84248 curveto closepath fill
 0 0 0 setrgbcolor [] 0 setdash
newpath 21.34248 19.84248 moveto
21.34248 20.24033 21.18442 20.62183 20.90312 20.90312 curveto
20.62183 21.18442 20.24033 21.34248 19.84248 21.34248 curveto
19.44464 21.34248 19.06314 21.18442 18.78185 20.90312 curveto
18.50055 20.62183 18.34248 20.24033 18.34248 19.84248 curveto
18.34248 19.44464 18.50055 19.06314 18.78185 18.78185 curveto
19.06314 18.50055 19.44464 18.34248 19.84248 18.34248 curveto
20.24033 18.34248 20.62183 18.50055 20.90312 18.78185 curveto
21.18442 19.06314 21.34248 19.44464 21.34248 19.84248 curveto closepath stroke
 1 1 1 setrgbcolor
newpath 21.34248 39.68497 moveto
21.34248 40.08281 21.18442 40.46431 20.90312 40.7456 curveto
20.62183 41.0269 20.24033 41.18497 19.84248 41.18497 curveto
19.44464 41.18497 19.06314 41.0269 18.78185 40.7456 curveto
18.50055 40.46431 18.34248 40.08281 18.34248 39.68497 curveto
18.34248 39.28712 18.50055 38.90562 18.78185 38.62433 curveto
19.06314 38.34303 19.44464 38.18497 19.84248 38.18497 curveto
20.24033 38.18497 20.62183 38.34303 20.90312 38.62433 curveto
21.18442 38.90562 21.34248 39.28712 21.34248 39.68497 curveto closepath fill
 0 0 0 setrgbcolor
newpath 21.34248 39.68497 moveto
21.34248 40.08281 21.18442 40.46431 20.90312 40.7456 curveto
20.62183 41.0269 20.24033 41.18497 19.84248 41.18497 curveto
19.44464 41.18497 19.06314 41.0269 18.78185 40.7456 curveto
18.50055 40.46431 18.34248 40.08281 18.34248 39.68497 curveto
18.34248 39.28712 18.50055 38.90562 18.78185 38.62433 curveto
19.06314 38.34303 19.44464 38.18497 19.84248 38.18497 curveto
20.24033 38.18497 20.62183 38.34303 20.90312 38.62433 curveto
21.18442 38.90562 21.34248 39.28712 21.34248 39.68497 curveto closepath stroke
 1 1 1 setrgbcolor
newpath 21.34248 59.52745 moveto
21.34248 59.9253 21.18442 60.3068 20.90312 60.58809 curveto
20.62183 60.86938 20.24033 61.02745 19.84248 61.02745 curveto
19.44464 61.02745 19.06314 60.86938 18.78185 60.58809 curveto
18.50055 60.3068 18.34248 59.9253 18.34248 59.52745 curveto
18.34248 59.12961 18.50055 58.74811 18.78185 58.46681 curveto
19.06314 58.18552 19.44464 58.02745 19.84248 58.02745 curveto
20.24033 58.02745 20.62183 58.18552 20.90312 58.46681 curveto
21.18442 58.74811 21.34248 59.12961 21.34248 59.52745 curveto closepath fill
 0 0 0 setrgbcolor
newpath 21.34248 59.52745 moveto
21.34248 59.9253 21.18442 60.3068 20.90312 60.58809 curveto
20.62183 60.86938 20.24033 61.02745 19.84248 61.02745 curveto
19.44464 61.02745 19.06314 60.86938 18.78185 60.58809 curveto
18.50055 60.3068 18.34248 59.9253 18.34248 59.52745 curveto
18.34248 59.12961 18.50055 58.74811 18.78185 58.46681 curveto
19.06314 58.18552 19.44464 58.02745 19.84248 58.02745 curveto
20.24033 58.02745 20.62183 58.18552 20.90312 58.46681 curveto
21.18442 58.74811 21.34248 59.12961 21.34248 59.52745 curveto closepath stroke
 1 1 1 setrgbcolor
newpath 21.34248 79.36993 moveto
21.34248 79.76778 21.18442 80.14928 20.90312 80.43057 curveto
20.62183 80.71187 20.24033 80.86993 19.84248 80.86993 curveto
19.44464 80.86993 19.06314 80.71187 18.78185 80.43057 curveto
18.50055 80.14928 18.34248 79.76778 18.34248 79.36993 curveto
18.34248 78.97209 18.50055 78.59059 18.78185 78.3093 curveto
19.06314 78.028 19.44464 77.86993 19.84248 77.86993 curveto
20.24033 77.86993 20.62183 78.028 20.90312 78.3093 curveto
21.18442 78.59059 21.34248 78.97209 21.34248 79.36993 curveto closepath fill
 0 0 0 setrgbcolor
newpath 21.34248 79.36993 moveto
21.34248 79.76778 21.18442 80.14928 20.90312 80.43057 curveto
20.62183 80.71187 20.24033 80.86993 19.84248 80.86993 curveto
19.44464 80.86993 19.06314 80.71187 18.78185 80.43057 curveto
18.50055 80.14928 18.34248 79.76778 18.34248 79.36993 curveto
18.34248 78.97209 18.50055 78.59059 18.78185 78.3093 curveto
19.06314 78.028 19.44464 77.86993 19.84248 77.86993 curveto
20.24033 77.86993 20.62183 78.028 20.90312 78.3093 curveto
21.18442 78.59059 21.34248 78.97209 21.34248 79.36993 curveto closepath stroke
 1 1 1 setrgbcolor
newpath 21.34248 99.21242 moveto
21.34248 99.61026 21.18442 99.99176 20.90312 100.27306 curveto
20.62183 100.55435 20.24033 100.71242 19.84248 100.71242 curveto
19.44464 100.71242 19.06314 100.55435 18.78185 100.27306 curveto
18.50055 99.99176 18.34248 99.61026 18.34248 99.21242 curveto
18.34248 98.81458 18.50055 98.43307 18.78185 98.15178 curveto
19.06314 97.87048 19.44464 97.71242 19.84248 97.71242 curveto
20.24033 97.71242 20.62183 97.87048 20.90312 98.15178 curveto
21.18442 98.43307 21.34248 98.81458 21.34248 99.21242 curveto closepath fill
 0 0 0 setrgbcolor
newpath 21.34248 99.21242 moveto
21.34248 99.61026 21.18442 99.99176 20.90312 100.27306 curveto
20.62183 100.55435 20.24033 100.71242 19.84248 100.71242 curveto
19.44464 100.71242 19.06314 100.55435 18.78185 100.27306 curveto
18.50055 99.99176 18.34248 99.61026 18.34248 99.21242 curveto
18.34248 98.81458 18.50055 98.43307 18.78185 98.15178 curveto
19.06314 97.87048 19.44464 97.71242 19.84248 97.71242 curveto
20.24033 97.71242 20.62183 97.87048 20.90312 98.15178 curveto
21.18442 98.43307 21.34248 98.81458 21.34248 99.21242 curveto closepath stroke
 1 1 1 setrgbcolor
newpath 41.18497 19.84248 moveto
41.18497 20.24033 41.0269 20.62183 40.7456 20.90312 curveto
40.46431 21.18442 40.08281 21.34248 39.68497 21.34248 curveto
39.28712 21.34248 38.90562 21.18442 38.62433 20.90312 curveto
38.34303 20.62183 38.18497 20.24033 38.18497 19.84248 curveto
38.18497 19.44464 38.34303 19.06314 38.62433 18.78185 curveto
38.90562 18.50055 39.28712 18.34248 39.68497 18.34248 curveto
40.08281 18.34248 40.46431 18.50055 40.7456 18.78185 curveto
41.0269 19.06314 41.18497 19.44464 41.18497 19.84248 curveto closepath fill
 0 0 0 setrgbcolor
newpath 41.18497 19.84248 moveto
41.18497 20.24033 41.0269 20.62183 40.7456 20.90312 curveto
40.46431 21.18442 40.08281 21.34248 39.68497 21.34248 curveto
39.28712 21.34248 38.90562 21.18442 38.62433 20.90312 curveto
38.34303 20.62183 38.18497 20.24033 38.18497 19.84248 curveto
38.18497 19.44464 38.34303 19.06314 38.62433 18.78185 curveto
38.90562 18.50055 39.28712 18.34248 39.68497 18.34248 curveto
40.08281 18.34248 40.46431 18.50055 40.7456 18.78185 curveto
41.0269 19.06314 41.18497 19.44464 41.18497 19.84248 curveto closepath stroke
 1 1 1 setrgbcolor
newpath 41.18497 39.68497 moveto
41.18497 40.08281 41.0269 40.46431 40.7456 40.7456 curveto
40.46431 41.0269 40.08281 41.18497 39.68497 41.18497 curveto
39.28712 41.18497 38.90562 41.0269 38.62433 40.7456 curveto
38.34303 40.46431 38.18497 40.08281 38.18497 39.68497 curveto
38.18497 39.28712 38.34303 38.90562 38.62433 38.62433 curveto
38.90562 38.34303 39.28712 38.18497 39.68497 38.18497 curveto
40.08281 38.18497 40.46431 38.34303 40.7456 38.62433 curveto
41.0269 38.90562 41.18497 39.28712 41.18497 39.68497 curveto closepath fill
 0 0 0 setrgbcolor
newpath 41.18497 39.68497 moveto
41.18497 40.08281 41.0269 40.46431 40.7456 40.7456 curveto
40.46431 41.0269 40.08281 41.18497 39.68497 41.18497 curveto
39.28712 41.18497 38.90562 41.0269 38.62433 40.7456 curveto
38.34303 40.46431 38.18497 40.08281 38.18497 39.68497 curveto
38.18497 39.28712 38.34303 38.90562 38.62433 38.62433 curveto
38.90562 38.34303 39.28712 38.18497 39.68497 38.18497 curveto
40.08281 38.18497 40.46431 38.34303 40.7456 38.62433 curveto
41.0269 38.90562 41.18497 39.28712 41.18497 39.68497 curveto closepath stroke
 1 1 1 setrgbcolor
newpath 41.18497 59.52745 moveto
41.18497 59.9253 41.0269 60.3068 40.7456 60.58809 curveto
40.46431 60.86938 40.08281 61.02745 39.68497 61.02745 curveto
39.28712 61.02745 38.90562 60.86938 38.62433 60.58809 curveto
38.34303 60.3068 38.18497 59.9253 38.18497 59.52745 curveto
38.18497 59.12961 38.34303 58.74811 38.62433 58.46681 curveto
38.90562 58.18552 39.28712 58.02745 39.68497 58.02745 curveto
40.08281 58.02745 40.46431 58.18552 40.7456 58.46681 curveto
41.0269 58.74811 41.18497 59.12961 41.18497 59.52745 curveto closepath fill
 0 0 0 setrgbcolor
newpath 41.18497 59.52745 moveto
41.18497 59.9253 41.0269 60.3068 40.7456 60.58809 curveto
40.46431 60.86938 40.08281 61.02745 39.68497 61.02745 curveto
39.28712 61.02745 38.90562 60.86938 38.62433 60.58809 curveto
38.34303 60.3068 38.18497 59.9253 38.18497 59.52745 curveto
38.18497 59.12961 38.34303 58.74811 38.62433 58.46681 curveto
38.90562 58.18552 39.28712 58.02745 39.68497 58.02745 curveto
40.08281 58.02745 40.46431 58.18552 40.7456 58.46681 curveto
41.0269 58.74811 41.18497 59.12961 41.18497 59.52745 curveto closepath stroke
 1 1 1 setrgbcolor
newpath 41.18497 79.36993 moveto
41.18497 79.76778 41.0269 80.14928 40.7456 80.43057 curveto
40.46431 80.71187 40.08281 80.86993 39.68497 80.86993 curveto
39.28712 80.86993 38.90562 80.71187 38.62433 80.43057 curveto
38.34303 80.14928 38.18497 79.76778 38.18497 79.36993 curveto
38.18497 78.97209 38.34303 78.59059 38.62433 78.3093 curveto
38.90562 78.028 39.28712 77.86993 39.68497 77.86993 curveto
40.08281 77.86993 40.46431 78.028 40.7456 78.3093 curveto
41.0269 78.59059 41.18497 78.97209 41.18497 79.36993 curveto closepath fill
 0 0 0 setrgbcolor
newpath 41.18497 79.36993 moveto
41.18497 79.76778 41.0269 80.14928 40.7456 80.43057 curveto
40.46431 80.71187 40.08281 80.86993 39.68497 80.86993 curveto
39.28712 80.86993 38.90562 80.71187 38.62433 80.43057 curveto
38.34303 80.14928 38.18497 79.76778 38.18497 79.36993 curveto
38.18497 78.97209 38.34303 78.59059 38.62433 78.3093 curveto
38.90562 78.028 39.28712 77.86993 39.68497 77.86993 curveto
40.08281 77.86993 40.46431 78.028 40.7456 78.3093 curveto
41.0269 78.59059 41.18497 78.97209 41.18497 79.36993 curveto closepath stroke
 1 1 1 setrgbcolor
newpath 41.18497 99.21242 moveto
41.18497 99.61026 41.0269 99.99176 40.7456 100.27306 curveto
40.46431 100.55435 40.08281 100.71242 39.68497 100.71242 curveto
39.28712 100.71242 38.90562 100.55435 38.62433 100.27306 curveto
38.34303 99.99176 38.18497 99.61026 38.18497 99.21242 curveto
38.18497 98.81458 38.34303 98.43307 38.62433 98.15178 curveto
38.90562 97.87048 39.28712 97.71242 39.68497 97.71242 curveto
40.08281 97.71242 40.46431 97.87048 40.7456 98.15178 curveto
41.0269 98.43307 41.18497 98.81458 41.18497 99.21242 curveto closepath fill
 0 0 0 setrgbcolor
newpath 41.18497 99.21242 moveto
41.18497 99.61026 41.0269 99.99176 40.7456 100.27306 curveto
40.46431 100.55435 40.08281 100.71242 39.68497 100.71242 curveto
39.28712 100.71242 38.90562 100.55435 38.62433 100.27306 curveto
38.34303 99.99176 38.18497 99.61026 38.18497 99.21242 curveto
38.18497 98.81458 38.34303 98.43307 38.62433 98.15178 curveto
38.90562 97.87048 39.28712 97.71242 39.68497 97.71242 curveto
40.08281 97.71242 40.46431 97.87048 40.7456 98.15178 curveto
41.0269 98.43307 41.18497 98.81458 41.18497 99.21242 curveto closepath stroke
 1 1 1 setrgbcolor
newpath 61.02745 19.84248 moveto
61.02745 20.24033 60.86938 20.62183 60.58809 20.90312 curveto
60.3068 21.18442 59.9253 21.34248 59.52745 21.34248 curveto
59.12961 21.34248 58.74811 21.18442 58.46681 20.90312 curveto
58.18552 20.62183 58.02745 20.24033 58.02745 19.84248 curveto
58.02745 19.44464 58.18552 19.06314 58.46681 18.78185 curveto
58.74811 18.50055 59.12961 18.34248 59.52745 18.34248 curveto
59.9253 18.34248 60.3068 18.50055 60.58809 18.78185 curveto
60.86938 19.06314 61.02745 19.44464 61.02745 19.84248 curveto closepath fill
 0 0 0 setrgbcolor
newpath 61.02745 19.84248 moveto
61.02745 20.24033 60.86938 20.62183 60.58809 20.90312 curveto
60.3068 21.18442 59.9253 21.34248 59.52745 21.34248 curveto
59.12961 21.34248 58.74811 21.18442 58.46681 20.90312 curveto
58.18552 20.62183 58.02745 20.24033 58.02745 19.84248 curveto
58.02745 19.44464 58.18552 19.06314 58.46681 18.78185 curveto
58.74811 18.50055 59.12961 18.34248 59.52745 18.34248 curveto
59.9253 18.34248 60.3068 18.50055 60.58809 18.78185 curveto
60.86938 19.06314 61.02745 19.44464 61.02745 19.84248 curveto closepath stroke
 1 1 1 setrgbcolor
newpath 61.02745 39.68497 moveto
61.02745 40.08281 60.86938 40.46431 60.58809 40.7456 curveto
60.3068 41.0269 59.9253 41.18497 59.52745 41.18497 curveto
59.12961 41.18497 58.74811 41.0269 58.46681 40.7456 curveto
58.18552 40.46431 58.02745 40.08281 58.02745 39.68497 curveto
58.02745 39.28712 58.18552 38.90562 58.46681 38.62433 curveto
58.74811 38.34303 59.12961 38.18497 59.52745 38.18497 curveto
59.9253 38.18497 60.3068 38.34303 60.58809 38.62433 curveto
60.86938 38.90562 61.02745 39.28712 61.02745 39.68497 curveto closepath fill
 0 0 0 setrgbcolor
newpath 61.02745 39.68497 moveto
61.02745 40.08281 60.86938 40.46431 60.58809 40.7456 curveto
60.3068 41.0269 59.9253 41.18497 59.52745 41.18497 curveto
59.12961 41.18497 58.74811 41.0269 58.46681 40.7456 curveto
58.18552 40.46431 58.02745 40.08281 58.02745 39.68497 curveto
58.02745 39.28712 58.18552 38.90562 58.46681 38.62433 curveto
58.74811 38.34303 59.12961 38.18497 59.52745 38.18497 curveto
59.9253 38.18497 60.3068 38.34303 60.58809 38.62433 curveto
60.86938 38.90562 61.02745 39.28712 61.02745 39.68497 curveto closepath stroke
 1 1 1 setrgbcolor
newpath 61.02745 59.52745 moveto
61.02745 59.9253 60.86938 60.3068 60.58809 60.58809 curveto
60.3068 60.86938 59.9253 61.02745 59.52745 61.02745 curveto
59.12961 61.02745 58.74811 60.86938 58.46681 60.58809 curveto
58.18552 60.3068 58.02745 59.9253 58.02745 59.52745 curveto
58.02745 59.12961 58.18552 58.74811 58.46681 58.46681 curveto
58.74811 58.18552 59.12961 58.02745 59.52745 58.02745 curveto
59.9253 58.02745 60.3068 58.18552 60.58809 58.46681 curveto
60.86938 58.74811 61.02745 59.12961 61.02745 59.52745 curveto closepath fill
 0 0 0 setrgbcolor
newpath 61.02745 59.52745 moveto
61.02745 59.9253 60.86938 60.3068 60.58809 60.58809 curveto
60.3068 60.86938 59.9253 61.02745 59.52745 61.02745 curveto
59.12961 61.02745 58.74811 60.86938 58.46681 60.58809 curveto
58.18552 60.3068 58.02745 59.9253 58.02745 59.52745 curveto
58.02745 59.12961 58.18552 58.74811 58.46681 58.46681 curveto
58.74811 58.18552 59.12961 58.02745 59.52745 58.02745 curveto
59.9253 58.02745 60.3068 58.18552 60.58809 58.46681 curveto
60.86938 58.74811 61.02745 59.12961 61.02745 59.52745 curveto closepath stroke
 1 1 1 setrgbcolor
newpath 61.02745 79.36993 moveto
61.02745 79.76778 60.86938 80.14928 60.58809 80.43057 curveto
60.3068 80.71187 59.9253 80.86993 59.52745 80.86993 curveto
59.12961 80.86993 58.74811 80.71187 58.46681 80.43057 curveto
58.18552 80.14928 58.02745 79.76778 58.02745 79.36993 curveto
58.02745 78.97209 58.18552 78.59059 58.46681 78.3093 curveto
58.74811 78.028 59.12961 77.86993 59.52745 77.86993 curveto
59.9253 77.86993 60.3068 78.028 60.58809 78.3093 curveto
60.86938 78.59059 61.02745 78.97209 61.02745 79.36993 curveto closepath fill
 0 0 0 setrgbcolor
newpath 61.02745 79.36993 moveto
61.02745 79.76778 60.86938 80.14928 60.58809 80.43057 curveto
60.3068 80.71187 59.9253 80.86993 59.52745 80.86993 curveto
59.12961 80.86993 58.74811 80.71187 58.46681 80.43057 curveto
58.18552 80.14928 58.02745 79.76778 58.02745 79.36993 curveto
58.02745 78.97209 58.18552 78.59059 58.46681 78.3093 curveto
58.74811 78.028 59.12961 77.86993 59.52745 77.86993 curveto
59.9253 77.86993 60.3068 78.028 60.58809 78.3093 curveto
60.86938 78.59059 61.02745 78.97209 61.02745 79.36993 curveto closepath stroke
 1 1 1 setrgbcolor
newpath 61.02745 99.21242 moveto
61.02745 99.61026 60.86938 99.99176 60.58809 100.27306 curveto
60.3068 100.55435 59.9253 100.71242 59.52745 100.71242 curveto
59.12961 100.71242 58.74811 100.55435 58.46681 100.27306 curveto
58.18552 99.99176 58.02745 99.61026 58.02745 99.21242 curveto
58.02745 98.81458 58.18552 98.43307 58.46681 98.15178 curveto
58.74811 97.87048 59.12961 97.71242 59.52745 97.71242 curveto
59.9253 97.71242 60.3068 97.87048 60.58809 98.15178 curveto
60.86938 98.43307 61.02745 98.81458 61.02745 99.21242 curveto closepath fill
 0 0 0 setrgbcolor
newpath 61.02745 99.21242 moveto
61.02745 99.61026 60.86938 99.99176 60.58809 100.27306 curveto
60.3068 100.55435 59.9253 100.71242 59.52745 100.71242 curveto
59.12961 100.71242 58.74811 100.55435 58.46681 100.27306 curveto
58.18552 99.99176 58.02745 99.61026 58.02745 99.21242 curveto
58.02745 98.81458 58.18552 98.43307 58.46681 98.15178 curveto
58.74811 97.87048 59.12961 97.71242 59.52745 97.71242 curveto
59.9253 97.71242 60.3068 97.87048 60.58809 98.15178 curveto
60.86938 98.43307 61.02745 98.81458 61.02745 99.21242 curveto closepath stroke
 1 1 1 setrgbcolor
newpath 80.86993 19.84248 moveto
80.86993 20.24033 80.71187 20.62183 80.43057 20.90312 curveto
80.14928 21.18442 79.76778 21.34248 79.36993 21.34248 curveto
78.97209 21.34248 78.59059 21.18442 78.3093 20.90312 curveto
78.028 20.62183 77.86993 20.24033 77.86993 19.84248 curveto
77.86993 19.44464 78.028 19.06314 78.3093 18.78185 curveto
78.59059 18.50055 78.97209 18.34248 79.36993 18.34248 curveto
79.76778 18.34248 80.14928 18.50055 80.43057 18.78185 curveto
80.71187 19.06314 80.86993 19.44464 80.86993 19.84248 curveto closepath fill
 0 0 0 setrgbcolor
newpath 80.86993 19.84248 moveto
80.86993 20.24033 80.71187 20.62183 80.43057 20.90312 curveto
80.14928 21.18442 79.76778 21.34248 79.36993 21.34248 curveto
78.97209 21.34248 78.59059 21.18442 78.3093 20.90312 curveto
78.028 20.62183 77.86993 20.24033 77.86993 19.84248 curveto
77.86993 19.44464 78.028 19.06314 78.3093 18.78185 curveto
78.59059 18.50055 78.97209 18.34248 79.36993 18.34248 curveto
79.76778 18.34248 80.14928 18.50055 80.43057 18.78185 curveto
80.71187 19.06314 80.86993 19.44464 80.86993 19.84248 curveto closepath stroke
 1 1 1 setrgbcolor
newpath 80.86993 39.68497 moveto
80.86993 40.08281 80.71187 40.46431 80.43057 40.7456 curveto
80.14928 41.0269 79.76778 41.18497 79.36993 41.18497 curveto
78.97209 41.18497 78.59059 41.0269 78.3093 40.7456 curveto
78.028 40.46431 77.86993 40.08281 77.86993 39.68497 curveto
77.86993 39.28712 78.028 38.90562 78.3093 38.62433 curveto
78.59059 38.34303 78.97209 38.18497 79.36993 38.18497 curveto
79.76778 38.18497 80.14928 38.34303 80.43057 38.62433 curveto
80.71187 38.90562 80.86993 39.28712 80.86993 39.68497 curveto closepath fill
 0 0 0 setrgbcolor
newpath 80.86993 39.68497 moveto
80.86993 40.08281 80.71187 40.46431 80.43057 40.7456 curveto
80.14928 41.0269 79.76778 41.18497 79.36993 41.18497 curveto
78.97209 41.18497 78.59059 41.0269 78.3093 40.7456 curveto
78.028 40.46431 77.86993 40.08281 77.86993 39.68497 curveto
77.86993 39.28712 78.028 38.90562 78.3093 38.62433 curveto
78.59059 38.34303 78.97209 38.18497 79.36993 38.18497 curveto
79.76778 38.18497 80.14928 38.34303 80.43057 38.62433 curveto
80.71187 38.90562 80.86993 39.28712 80.86993 39.68497 curveto closepath stroke
 1 1 1 setrgbcolor
newpath 80.86993 59.52745 moveto
80.86993 59.9253 80.71187 60.3068 80.43057 60.58809 curveto
80.14928 60.86938 79.76778 61.02745 79.36993 61.02745 curveto
78.97209 61.02745 78.59059 60.86938 78.3093 60.58809 curveto
78.028 60.3068 77.86993 59.9253 77.86993 59.52745 curveto
77.86993 59.12961 78.028 58.74811 78.3093 58.46681 curveto
78.59059 58.18552 78.97209 58.02745 79.36993 58.02745 curveto
79.76778 58.02745 80.14928 58.18552 80.43057 58.46681 curveto
80.71187 58.74811 80.86993 59.12961 80.86993 59.52745 curveto closepath fill
 0 0 0 setrgbcolor
newpath 80.86993 59.52745 moveto
80.86993 59.9253 80.71187 60.3068 80.43057 60.58809 curveto
80.14928 60.86938 79.76778 61.02745 79.36993 61.02745 curveto
78.97209 61.02745 78.59059 60.86938 78.3093 60.58809 curveto
78.028 60.3068 77.86993 59.9253 77.86993 59.52745 curveto
77.86993 59.12961 78.028 58.74811 78.3093 58.46681 curveto
78.59059 58.18552 78.97209 58.02745 79.36993 58.02745 curveto
79.76778 58.02745 80.14928 58.18552 80.43057 58.46681 curveto
80.71187 58.74811 80.86993 59.12961 80.86993 59.52745 curveto closepath stroke
 1 1 1 setrgbcolor
newpath 80.86993 79.36993 moveto
80.86993 79.76778 80.71187 80.14928 80.43057 80.43057 curveto
80.14928 80.71187 79.76778 80.86993 79.36993 80.86993 curveto
78.97209 80.86993 78.59059 80.71187 78.3093 80.43057 curveto
78.028 80.14928 77.86993 79.76778 77.86993 79.36993 curveto
77.86993 78.97209 78.028 78.59059 78.3093 78.3093 curveto
78.59059 78.028 78.97209 77.86993 79.36993 77.86993 curveto
79.76778 77.86993 80.14928 78.028 80.43057 78.3093 curveto
80.71187 78.59059 80.86993 78.97209 80.86993 79.36993 curveto closepath fill
 0 0 0 setrgbcolor
newpath 80.86993 79.36993 moveto
80.86993 79.76778 80.71187 80.14928 80.43057 80.43057 curveto
80.14928 80.71187 79.76778 80.86993 79.36993 80.86993 curveto
78.97209 80.86993 78.59059 80.71187 78.3093 80.43057 curveto
78.028 80.14928 77.86993 79.76778 77.86993 79.36993 curveto
77.86993 78.97209 78.028 78.59059 78.3093 78.3093 curveto
78.59059 78.028 78.97209 77.86993 79.36993 77.86993 curveto
79.76778 77.86993 80.14928 78.028 80.43057 78.3093 curveto
80.71187 78.59059 80.86993 78.97209 80.86993 79.36993 curveto closepath stroke
 1 1 1 setrgbcolor
newpath 80.86993 99.21242 moveto
80.86993 99.61026 80.71187 99.99176 80.43057 100.27306 curveto
80.14928 100.55435 79.76778 100.71242 79.36993 100.71242 curveto
78.97209 100.71242 78.59059 100.55435 78.3093 100.27306 curveto
78.028 99.99176 77.86993 99.61026 77.86993 99.21242 curveto
77.86993 98.81458 78.028 98.43307 78.3093 98.15178 curveto
78.59059 97.87048 78.97209 97.71242 79.36993 97.71242 curveto
79.76778 97.71242 80.14928 97.87048 80.43057 98.15178 curveto
80.71187 98.43307 80.86993 98.81458 80.86993 99.21242 curveto closepath fill
 0 0 0 setrgbcolor
newpath 80.86993 99.21242 moveto
80.86993 99.61026 80.71187 99.99176 80.43057 100.27306 curveto
80.14928 100.55435 79.76778 100.71242 79.36993 100.71242 curveto
78.97209 100.71242 78.59059 100.55435 78.3093 100.27306 curveto
78.028 99.99176 77.86993 99.61026 77.86993 99.21242 curveto
77.86993 98.81458 78.028 98.43307 78.3093 98.15178 curveto
78.59059 97.87048 78.97209 97.71242 79.36993 97.71242 curveto
79.76778 97.71242 80.14928 97.87048 80.43057 98.15178 curveto
80.71187 98.43307 80.86993 98.81458 80.86993 99.21242 curveto closepath stroke
 1 1 1 setrgbcolor
newpath 100.71242 19.84248 moveto
100.71242 20.24033 100.55435 20.62183 100.27306 20.90312 curveto
99.99176 21.18442 99.61026 21.34248 99.21242 21.34248 curveto
98.81458 21.34248 98.43307 21.18442 98.15178 20.90312 curveto
97.87048 20.62183 97.71242 20.24033 97.71242 19.84248 curveto
97.71242 19.44464 97.87048 19.06314 98.15178 18.78185 curveto
98.43307 18.50055 98.81458 18.34248 99.21242 18.34248 curveto
99.61026 18.34248 99.99176 18.50055 100.27306 18.78185 curveto
100.55435 19.06314 100.71242 19.44464 100.71242 19.84248 curveto closepath fill
 0 0 0 setrgbcolor
newpath 100.71242 19.84248 moveto
100.71242 20.24033 100.55435 20.62183 100.27306 20.90312 curveto
99.99176 21.18442 99.61026 21.34248 99.21242 21.34248 curveto
98.81458 21.34248 98.43307 21.18442 98.15178 20.90312 curveto
97.87048 20.62183 97.71242 20.24033 97.71242 19.84248 curveto
97.71242 19.44464 97.87048 19.06314 98.15178 18.78185 curveto
98.43307 18.50055 98.81458 18.34248 99.21242 18.34248 curveto
99.61026 18.34248 99.99176 18.50055 100.27306 18.78185 curveto
100.55435 19.06314 100.71242 19.44464 100.71242 19.84248 curveto closepath stroke
 1 1 1 setrgbcolor
newpath 100.71242 39.68497 moveto
100.71242 40.08281 100.55435 40.46431 100.27306 40.7456 curveto
99.99176 41.0269 99.61026 41.18497 99.21242 41.18497 curveto
98.81458 41.18497 98.43307 41.0269 98.15178 40.7456 curveto
97.87048 40.46431 97.71242 40.08281 97.71242 39.68497 curveto
97.71242 39.28712 97.87048 38.90562 98.15178 38.62433 curveto
98.43307 38.34303 98.81458 38.18497 99.21242 38.18497 curveto
99.61026 38.18497 99.99176 38.34303 100.27306 38.62433 curveto
100.55435 38.90562 100.71242 39.28712 100.71242 39.68497 curveto closepath fill
 0 0 0 setrgbcolor
newpath 100.71242 39.68497 moveto
100.71242 40.08281 100.55435 40.46431 100.27306 40.7456 curveto
99.99176 41.0269 99.61026 41.18497 99.21242 41.18497 curveto
98.81458 41.18497 98.43307 41.0269 98.15178 40.7456 curveto
97.87048 40.46431 97.71242 40.08281 97.71242 39.68497 curveto
97.71242 39.28712 97.87048 38.90562 98.15178 38.62433 curveto
98.43307 38.34303 98.81458 38.18497 99.21242 38.18497 curveto
99.61026 38.18497 99.99176 38.34303 100.27306 38.62433 curveto
100.55435 38.90562 100.71242 39.28712 100.71242 39.68497 curveto closepath stroke
 1 1 1 setrgbcolor
newpath 100.71242 59.52745 moveto
100.71242 59.9253 100.55435 60.3068 100.27306 60.58809 curveto
99.99176 60.86938 99.61026 61.02745 99.21242 61.02745 curveto
98.81458 61.02745 98.43307 60.86938 98.15178 60.58809 curveto
97.87048 60.3068 97.71242 59.9253 97.71242 59.52745 curveto
97.71242 59.12961 97.87048 58.74811 98.15178 58.46681 curveto
98.43307 58.18552 98.81458 58.02745 99.21242 58.02745 curveto
99.61026 58.02745 99.99176 58.18552 100.27306 58.46681 curveto
100.55435 58.74811 100.71242 59.12961 100.71242 59.52745 curveto closepath fill
 0 0 0 setrgbcolor
newpath 100.71242 59.52745 moveto
100.71242 59.9253 100.55435 60.3068 100.27306 60.58809 curveto
99.99176 60.86938 99.61026 61.02745 99.21242 61.02745 curveto
98.81458 61.02745 98.43307 60.86938 98.15178 60.58809 curveto
97.87048 60.3068 97.71242 59.9253 97.71242 59.52745 curveto
97.71242 59.12961 97.87048 58.74811 98.15178 58.46681 curveto
98.43307 58.18552 98.81458 58.02745 99.21242 58.02745 curveto
99.61026 58.02745 99.99176 58.18552 100.27306 58.46681 curveto
100.55435 58.74811 100.71242 59.12961 100.71242 59.52745 curveto closepath stroke
 1 1 1 setrgbcolor
newpath 100.71242 79.36993 moveto
100.71242 79.76778 100.55435 80.14928 100.27306 80.43057 curveto
99.99176 80.71187 99.61026 80.86993 99.21242 80.86993 curveto
98.81458 80.86993 98.43307 80.71187 98.15178 80.43057 curveto
97.87048 80.14928 97.71242 79.76778 97.71242 79.36993 curveto
97.71242 78.97209 97.87048 78.59059 98.15178 78.3093 curveto
98.43307 78.028 98.81458 77.86993 99.21242 77.86993 curveto
99.61026 77.86993 99.99176 78.028 100.27306 78.3093 curveto
100.55435 78.59059 100.71242 78.97209 100.71242 79.36993 curveto closepath fill
 0 0 0 setrgbcolor
newpath 100.71242 79.36993 moveto
100.71242 79.76778 100.55435 80.14928 100.27306 80.43057 curveto
99.99176 80.71187 99.61026 80.86993 99.21242 80.86993 curveto
98.81458 80.86993 98.43307 80.71187 98.15178 80.43057 curveto
97.87048 80.14928 97.71242 79.76778 97.71242 79.36993 curveto
97.71242 78.97209 97.87048 78.59059 98.15178 78.3093 curveto
98.43307 78.028 98.81458 77.86993 99.21242 77.86993 curveto
99.61026 77.86993 99.99176 78.028 100.27306 78.3093 curveto
100.55435 78.59059 100.71242 78.97209 100.71242 79.36993 curveto closepath stroke
 1 1 1 setrgbcolor
newpath 100.71242 99.21242 moveto
100.71242 99.61026 100.55435 99.99176 100.27306 100.27306 curveto
99.99176 100.55435 99.61026 100.71242 99.21242 100.71242 curveto
98.81458 100.71242 98.43307 100.55435 98.15178 100.27306 curveto
97.87048 99.99176 97.71242 99.61026 97.71242 99.21242 curveto
97.71242 98.81458 97.87048 98.43307 98.15178 98.15178 curveto
98.43307 97.87048 98.81458 97.71242 99.21242 97.71242 curveto
99.61026 97.71242 99.99176 97.87048 100.27306 98.15178 curveto
100.55435 98.43307 100.71242 98.81458 100.71242 99.21242 curveto closepath fill
 0 0 0 setrgbcolor
newpath 100.71242 99.21242 moveto
100.71242 99.61026 100.55435 99.99176 100.27306 100.27306 curveto
99.99176 100.55435 99.61026 100.71242 99.21242 100.71242 curveto
98.81458 100.71242 98.43307 100.55435 98.15178 100.27306 curveto
97.87048 99.99176 97.71242 99.61026 97.71242 99.21242 curveto
97.71242 98.81458 97.87048 98.43307 98.15178 98.15178 curveto
98.43307 97.87048 98.81458 97.71242 99.21242 97.71242 curveto
99.61026 97.71242 99.99176 97.87048 100.27306 98.15178 curveto
100.55435 98.43307 100.71242 98.81458 100.71242 99.21242 curveto closepath stroke
 1 1 1 setrgbcolor
newpath 120.5549 19.84248 moveto
120.5549 20.24033 120.39684 20.62183 120.11554 20.90312 curveto
119.83424 21.18442 119.45274 21.34248 119.0549 21.34248 curveto
118.65706 21.34248 118.27556 21.18442 117.99426 20.90312 curveto
117.71297 20.62183 117.5549 20.24033 117.5549 19.84248 curveto
117.5549 19.44464 117.71297 19.06314 117.99426 18.78185 curveto
118.27556 18.50055 118.65706 18.34248 119.0549 18.34248 curveto
119.45274 18.34248 119.83424 18.50055 120.11554 18.78185 curveto
120.39684 19.06314 120.5549 19.44464 120.5549 19.84248 curveto closepath fill
 0 0 0 setrgbcolor
newpath 120.5549 19.84248 moveto
120.5549 20.24033 120.39684 20.62183 120.11554 20.90312 curveto
119.83424 21.18442 119.45274 21.34248 119.0549 21.34248 curveto
118.65706 21.34248 118.27556 21.18442 117.99426 20.90312 curveto
117.71297 20.62183 117.5549 20.24033 117.5549 19.84248 curveto
117.5549 19.44464 117.71297 19.06314 117.99426 18.78185 curveto
118.27556 18.50055 118.65706 18.34248 119.0549 18.34248 curveto
119.45274 18.34248 119.83424 18.50055 120.11554 18.78185 curveto
120.39684 19.06314 120.5549 19.44464 120.5549 19.84248 curveto closepath stroke
 1 1 1 setrgbcolor
newpath 120.5549 39.68497 moveto
120.5549 40.08281 120.39684 40.46431 120.11554 40.7456 curveto
119.83424 41.0269 119.45274 41.18497 119.0549 41.18497 curveto
118.65706 41.18497 118.27556 41.0269 117.99426 40.7456 curveto
117.71297 40.46431 117.5549 40.08281 117.5549 39.68497 curveto
117.5549 39.28712 117.71297 38.90562 117.99426 38.62433 curveto
118.27556 38.34303 118.65706 38.18497 119.0549 38.18497 curveto
119.45274 38.18497 119.83424 38.34303 120.11554 38.62433 curveto
120.39684 38.90562 120.5549 39.28712 120.5549 39.68497 curveto closepath fill
 0 0 0 setrgbcolor
newpath 120.5549 39.68497 moveto
120.5549 40.08281 120.39684 40.46431 120.11554 40.7456 curveto
119.83424 41.0269 119.45274 41.18497 119.0549 41.18497 curveto
118.65706 41.18497 118.27556 41.0269 117.99426 40.7456 curveto
117.71297 40.46431 117.5549 40.08281 117.5549 39.68497 curveto
117.5549 39.28712 117.71297 38.90562 117.99426 38.62433 curveto
118.27556 38.34303 118.65706 38.18497 119.0549 38.18497 curveto
119.45274 38.18497 119.83424 38.34303 120.11554 38.62433 curveto
120.39684 38.90562 120.5549 39.28712 120.5549 39.68497 curveto closepath stroke
 1 1 1 setrgbcolor
newpath 120.5549 59.52745 moveto
120.5549 59.9253 120.39684 60.3068 120.11554 60.58809 curveto
119.83424 60.86938 119.45274 61.02745 119.0549 61.02745 curveto
118.65706 61.02745 118.27556 60.86938 117.99426 60.58809 curveto
117.71297 60.3068 117.5549 59.9253 117.5549 59.52745 curveto
117.5549 59.12961 117.71297 58.74811 117.99426 58.46681 curveto
118.27556 58.18552 118.65706 58.02745 119.0549 58.02745 curveto
119.45274 58.02745 119.83424 58.18552 120.11554 58.46681 curveto
120.39684 58.74811 120.5549 59.12961 120.5549 59.52745 curveto closepath fill
 0 0 0 setrgbcolor
newpath 120.5549 59.52745 moveto
120.5549 59.9253 120.39684 60.3068 120.11554 60.58809 curveto
119.83424 60.86938 119.45274 61.02745 119.0549 61.02745 curveto
118.65706 61.02745 118.27556 60.86938 117.99426 60.58809 curveto
117.71297 60.3068 117.5549 59.9253 117.5549 59.52745 curveto
117.5549 59.12961 117.71297 58.74811 117.99426 58.46681 curveto
118.27556 58.18552 118.65706 58.02745 119.0549 58.02745 curveto
119.45274 58.02745 119.83424 58.18552 120.11554 58.46681 curveto
120.39684 58.74811 120.5549 59.12961 120.5549 59.52745 curveto closepath stroke
 1 1 1 setrgbcolor
newpath 120.5549 79.36993 moveto
120.5549 79.76778 120.39684 80.14928 120.11554 80.43057 curveto
119.83424 80.71187 119.45274 80.86993 119.0549 80.86993 curveto
118.65706 80.86993 118.27556 80.71187 117.99426 80.43057 curveto
117.71297 80.14928 117.5549 79.76778 117.5549 79.36993 curveto
117.5549 78.97209 117.71297 78.59059 117.99426 78.3093 curveto
118.27556 78.028 118.65706 77.86993 119.0549 77.86993 curveto
119.45274 77.86993 119.83424 78.028 120.11554 78.3093 curveto
120.39684 78.59059 120.5549 78.97209 120.5549 79.36993 curveto closepath fill
 0 0 0 setrgbcolor
newpath 120.5549 79.36993 moveto
120.5549 79.76778 120.39684 80.14928 120.11554 80.43057 curveto
119.83424 80.71187 119.45274 80.86993 119.0549 80.86993 curveto
118.65706 80.86993 118.27556 80.71187 117.99426 80.43057 curveto
117.71297 80.14928 117.5549 79.76778 117.5549 79.36993 curveto
117.5549 78.97209 117.71297 78.59059 117.99426 78.3093 curveto
118.27556 78.028 118.65706 77.86993 119.0549 77.86993 curveto
119.45274 77.86993 119.83424 78.028 120.11554 78.3093 curveto
120.39684 78.59059 120.5549 78.97209 120.5549 79.36993 curveto closepath stroke
 1 1 1 setrgbcolor
newpath 120.5549 99.21242 moveto
120.5549 99.61026 120.39684 99.99176 120.11554 100.27306 curveto
119.83424 100.55435 119.45274 100.71242 119.0549 100.71242 curveto
118.65706 100.71242 118.27556 100.55435 117.99426 100.27306 curveto
117.71297 99.99176 117.5549 99.61026 117.5549 99.21242 curveto
117.5549 98.81458 117.71297 98.43307 117.99426 98.15178 curveto
118.27556 97.87048 118.65706 97.71242 119.0549 97.71242 curveto
119.45274 97.71242 119.83424 97.87048 120.11554 98.15178 curveto
120.39684 98.43307 120.5549 98.81458 120.5549 99.21242 curveto closepath fill
 0 0 0 setrgbcolor
newpath 120.5549 99.21242 moveto
120.5549 99.61026 120.39684 99.99176 120.11554 100.27306 curveto
119.83424 100.55435 119.45274 100.71242 119.0549 100.71242 curveto
118.65706 100.71242 118.27556 100.55435 117.99426 100.27306 curveto
117.71297 99.99176 117.5549 99.61026 117.5549 99.21242 curveto
117.5549 98.81458 117.71297 98.43307 117.99426 98.15178 curveto
118.27556 97.87048 118.65706 97.71242 119.0549 97.71242 curveto
119.45274 97.71242 119.83424 97.87048 120.11554 98.15178 curveto
120.39684 98.43307 120.5549 98.81458 120.5549 99.21242 curveto closepath stroke
 1 1 1 setrgbcolor
newpath 140.39738 19.84248 moveto
140.39738 20.24033 140.23932 20.62183 139.95802 20.90312 curveto
139.67673 21.18442 139.29523 21.34248 138.89738 21.34248 curveto
138.49954 21.34248 138.11804 21.18442 137.83675 20.90312 curveto
137.55545 20.62183 137.39738 20.24033 137.39738 19.84248 curveto
137.39738 19.44464 137.55545 19.06314 137.83675 18.78185 curveto
138.11804 18.50055 138.49954 18.34248 138.89738 18.34248 curveto
139.29523 18.34248 139.67673 18.50055 139.95802 18.78185 curveto
140.23932 19.06314 140.39738 19.44464 140.39738 19.84248 curveto closepath fill
 0 0 0 setrgbcolor
newpath 140.39738 19.84248 moveto
140.39738 20.24033 140.23932 20.62183 139.95802 20.90312 curveto
139.67673 21.18442 139.29523 21.34248 138.89738 21.34248 curveto
138.49954 21.34248 138.11804 21.18442 137.83675 20.90312 curveto
137.55545 20.62183 137.39738 20.24033 137.39738 19.84248 curveto
137.39738 19.44464 137.55545 19.06314 137.83675 18.78185 curveto
138.11804 18.50055 138.49954 18.34248 138.89738 18.34248 curveto
139.29523 18.34248 139.67673 18.50055 139.95802 18.78185 curveto
140.23932 19.06314 140.39738 19.44464 140.39738 19.84248 curveto closepath stroke
 1 1 1 setrgbcolor
newpath 140.39738 39.68497 moveto
140.39738 40.08281 140.23932 40.46431 139.95802 40.7456 curveto
139.67673 41.0269 139.29523 41.18497 138.89738 41.18497 curveto
138.49954 41.18497 138.11804 41.0269 137.83675 40.7456 curveto
137.55545 40.46431 137.39738 40.08281 137.39738 39.68497 curveto
137.39738 39.28712 137.55545 38.90562 137.83675 38.62433 curveto
138.11804 38.34303 138.49954 38.18497 138.89738 38.18497 curveto
139.29523 38.18497 139.67673 38.34303 139.95802 38.62433 curveto
140.23932 38.90562 140.39738 39.28712 140.39738 39.68497 curveto closepath fill
 0 0 0 setrgbcolor
newpath 140.39738 39.68497 moveto
140.39738 40.08281 140.23932 40.46431 139.95802 40.7456 curveto
139.67673 41.0269 139.29523 41.18497 138.89738 41.18497 curveto
138.49954 41.18497 138.11804 41.0269 137.83675 40.7456 curveto
137.55545 40.46431 137.39738 40.08281 137.39738 39.68497 curveto
137.39738 39.28712 137.55545 38.90562 137.83675 38.62433 curveto
138.11804 38.34303 138.49954 38.18497 138.89738 38.18497 curveto
139.29523 38.18497 139.67673 38.34303 139.95802 38.62433 curveto
140.23932 38.90562 140.39738 39.28712 140.39738 39.68497 curveto closepath stroke
 1 1 1 setrgbcolor
newpath 140.39738 59.52745 moveto
140.39738 59.9253 140.23932 60.3068 139.95802 60.58809 curveto
139.67673 60.86938 139.29523 61.02745 138.89738 61.02745 curveto
138.49954 61.02745 138.11804 60.86938 137.83675 60.58809 curveto
137.55545 60.3068 137.39738 59.9253 137.39738 59.52745 curveto
137.39738 59.12961 137.55545 58.74811 137.83675 58.46681 curveto
138.11804 58.18552 138.49954 58.02745 138.89738 58.02745 curveto
139.29523 58.02745 139.67673 58.18552 139.95802 58.46681 curveto
140.23932 58.74811 140.39738 59.12961 140.39738 59.52745 curveto closepath fill
 0 0 0 setrgbcolor
newpath 140.39738 59.52745 moveto
140.39738 59.9253 140.23932 60.3068 139.95802 60.58809 curveto
139.67673 60.86938 139.29523 61.02745 138.89738 61.02745 curveto
138.49954 61.02745 138.11804 60.86938 137.83675 60.58809 curveto
137.55545 60.3068 137.39738 59.9253 137.39738 59.52745 curveto
137.39738 59.12961 137.55545 58.74811 137.83675 58.46681 curveto
138.11804 58.18552 138.49954 58.02745 138.89738 58.02745 curveto
139.29523 58.02745 139.67673 58.18552 139.95802 58.46681 curveto
140.23932 58.74811 140.39738 59.12961 140.39738 59.52745 curveto closepath stroke
 1 1 1 setrgbcolor
newpath 140.39738 79.36993 moveto
140.39738 79.76778 140.23932 80.14928 139.95802 80.43057 curveto
139.67673 80.71187 139.29523 80.86993 138.89738 80.86993 curveto
138.49954 80.86993 138.11804 80.71187 137.83675 80.43057 curveto
137.55545 80.14928 137.39738 79.76778 137.39738 79.36993 curveto
137.39738 78.97209 137.55545 78.59059 137.83675 78.3093 curveto
138.11804 78.028 138.49954 77.86993 138.89738 77.86993 curveto
139.29523 77.86993 139.67673 78.028 139.95802 78.3093 curveto
140.23932 78.59059 140.39738 78.97209 140.39738 79.36993 curveto closepath fill
 0 0 0 setrgbcolor
newpath 140.39738 79.36993 moveto
140.39738 79.76778 140.23932 80.14928 139.95802 80.43057 curveto
139.67673 80.71187 139.29523 80.86993 138.89738 80.86993 curveto
138.49954 80.86993 138.11804 80.71187 137.83675 80.43057 curveto
137.55545 80.14928 137.39738 79.76778 137.39738 79.36993 curveto
137.39738 78.97209 137.55545 78.59059 137.83675 78.3093 curveto
138.11804 78.028 138.49954 77.86993 138.89738 77.86993 curveto
139.29523 77.86993 139.67673 78.028 139.95802 78.3093 curveto
140.23932 78.59059 140.39738 78.97209 140.39738 79.36993 curveto closepath stroke
 1 1 1 setrgbcolor
newpath 140.39738 99.21242 moveto
140.39738 99.61026 140.23932 99.99176 139.95802 100.27306 curveto
139.67673 100.55435 139.29523 100.71242 138.89738 100.71242 curveto
138.49954 100.71242 138.11804 100.55435 137.83675 100.27306 curveto
137.55545 99.99176 137.39738 99.61026 137.39738 99.21242 curveto
137.39738 98.81458 137.55545 98.43307 137.83675 98.15178 curveto
138.11804 97.87048 138.49954 97.71242 138.89738 97.71242 curveto
139.29523 97.71242 139.67673 97.87048 139.95802 98.15178 curveto
140.23932 98.43307 140.39738 98.81458 140.39738 99.21242 curveto closepath fill
 0 0 0 setrgbcolor
newpath 140.39738 99.21242 moveto
140.39738 99.61026 140.23932 99.99176 139.95802 100.27306 curveto
139.67673 100.55435 139.29523 100.71242 138.89738 100.71242 curveto
138.49954 100.71242 138.11804 100.55435 137.83675 100.27306 curveto
137.55545 99.99176 137.39738 99.61026 137.39738 99.21242 curveto
137.39738 98.81458 137.55545 98.43307 137.83675 98.15178 curveto
138.11804 97.87048 138.49954 97.71242 138.89738 97.71242 curveto
139.29523 97.71242 139.67673 97.87048 139.95802 98.15178 curveto
140.23932 98.43307 140.39738 98.81458 140.39738 99.21242 curveto closepath stroke
 1 1 1 setrgbcolor
newpath 160.23987 19.84248 moveto
160.23987 20.24033 160.0818 20.62183 159.8005 20.90312 curveto
159.51921 21.18442 159.13771 21.34248 158.73987 21.34248 curveto
158.34203 21.34248 157.96053 21.18442 157.67923 20.90312 curveto
157.39793 20.62183 157.23987 20.24033 157.23987 19.84248 curveto
157.23987 19.44464 157.39793 19.06314 157.67923 18.78185 curveto
157.96053 18.50055 158.34203 18.34248 158.73987 18.34248 curveto
159.13771 18.34248 159.51921 18.50055 159.8005 18.78185 curveto
160.0818 19.06314 160.23987 19.44464 160.23987 19.84248 curveto closepath fill
 0 0 0 setrgbcolor
newpath 160.23987 19.84248 moveto
160.23987 20.24033 160.0818 20.62183 159.8005 20.90312 curveto
159.51921 21.18442 159.13771 21.34248 158.73987 21.34248 curveto
158.34203 21.34248 157.96053 21.18442 157.67923 20.90312 curveto
157.39793 20.62183 157.23987 20.24033 157.23987 19.84248 curveto
157.23987 19.44464 157.39793 19.06314 157.67923 18.78185 curveto
157.96053 18.50055 158.34203 18.34248 158.73987 18.34248 curveto
159.13771 18.34248 159.51921 18.50055 159.8005 18.78185 curveto
160.0818 19.06314 160.23987 19.44464 160.23987 19.84248 curveto closepath stroke
 1 1 1 setrgbcolor
newpath 160.23987 39.68497 moveto
160.23987 40.08281 160.0818 40.46431 159.8005 40.7456 curveto
159.51921 41.0269 159.13771 41.18497 158.73987 41.18497 curveto
158.34203 41.18497 157.96053 41.0269 157.67923 40.7456 curveto
157.39793 40.46431 157.23987 40.08281 157.23987 39.68497 curveto
157.23987 39.28712 157.39793 38.90562 157.67923 38.62433 curveto
157.96053 38.34303 158.34203 38.18497 158.73987 38.18497 curveto
159.13771 38.18497 159.51921 38.34303 159.8005 38.62433 curveto
160.0818 38.90562 160.23987 39.28712 160.23987 39.68497 curveto closepath fill
 0 0 0 setrgbcolor
newpath 160.23987 39.68497 moveto
160.23987 40.08281 160.0818 40.46431 159.8005 40.7456 curveto
159.51921 41.0269 159.13771 41.18497 158.73987 41.18497 curveto
158.34203 41.18497 157.96053 41.0269 157.67923 40.7456 curveto
157.39793 40.46431 157.23987 40.08281 157.23987 39.68497 curveto
157.23987 39.28712 157.39793 38.90562 157.67923 38.62433 curveto
157.96053 38.34303 158.34203 38.18497 158.73987 38.18497 curveto
159.13771 38.18497 159.51921 38.34303 159.8005 38.62433 curveto
160.0818 38.90562 160.23987 39.28712 160.23987 39.68497 curveto closepath stroke
 1 1 1 setrgbcolor
newpath 160.23987 59.52745 moveto
160.23987 59.9253 160.0818 60.3068 159.8005 60.58809 curveto
159.51921 60.86938 159.13771 61.02745 158.73987 61.02745 curveto
158.34203 61.02745 157.96053 60.86938 157.67923 60.58809 curveto
157.39793 60.3068 157.23987 59.9253 157.23987 59.52745 curveto
157.23987 59.12961 157.39793 58.74811 157.67923 58.46681 curveto
157.96053 58.18552 158.34203 58.02745 158.73987 58.02745 curveto
159.13771 58.02745 159.51921 58.18552 159.8005 58.46681 curveto
160.0818 58.74811 160.23987 59.12961 160.23987 59.52745 curveto closepath fill
 0 0 0 setrgbcolor
newpath 160.23987 59.52745 moveto
160.23987 59.9253 160.0818 60.3068 159.8005 60.58809 curveto
159.51921 60.86938 159.13771 61.02745 158.73987 61.02745 curveto
158.34203 61.02745 157.96053 60.86938 157.67923 60.58809 curveto
157.39793 60.3068 157.23987 59.9253 157.23987 59.52745 curveto
157.23987 59.12961 157.39793 58.74811 157.67923 58.46681 curveto
157.96053 58.18552 158.34203 58.02745 158.73987 58.02745 curveto
159.13771 58.02745 159.51921 58.18552 159.8005 58.46681 curveto
160.0818 58.74811 160.23987 59.12961 160.23987 59.52745 curveto closepath stroke
 1 1 1 setrgbcolor
newpath 160.23987 79.36993 moveto
160.23987 79.76778 160.0818 80.14928 159.8005 80.43057 curveto
159.51921 80.71187 159.13771 80.86993 158.73987 80.86993 curveto
158.34203 80.86993 157.96053 80.71187 157.67923 80.43057 curveto
157.39793 80.14928 157.23987 79.76778 157.23987 79.36993 curveto
157.23987 78.97209 157.39793 78.59059 157.67923 78.3093 curveto
157.96053 78.028 158.34203 77.86993 158.73987 77.86993 curveto
159.13771 77.86993 159.51921 78.028 159.8005 78.3093 curveto
160.0818 78.59059 160.23987 78.97209 160.23987 79.36993 curveto closepath fill
 0 0 0 setrgbcolor
newpath 160.23987 79.36993 moveto
160.23987 79.76778 160.0818 80.14928 159.8005 80.43057 curveto
159.51921 80.71187 159.13771 80.86993 158.73987 80.86993 curveto
158.34203 80.86993 157.96053 80.71187 157.67923 80.43057 curveto
157.39793 80.14928 157.23987 79.76778 157.23987 79.36993 curveto
157.23987 78.97209 157.39793 78.59059 157.67923 78.3093 curveto
157.96053 78.028 158.34203 77.86993 158.73987 77.86993 curveto
159.13771 77.86993 159.51921 78.028 159.8005 78.3093 curveto
160.0818 78.59059 160.23987 78.97209 160.23987 79.36993 curveto closepath stroke
 1 1 1 setrgbcolor
newpath 160.23987 99.21242 moveto
160.23987 99.61026 160.0818 99.99176 159.8005 100.27306 curveto
159.51921 100.55435 159.13771 100.71242 158.73987 100.71242 curveto
158.34203 100.71242 157.96053 100.55435 157.67923 100.27306 curveto
157.39793 99.99176 157.23987 99.61026 157.23987 99.21242 curveto
157.23987 98.81458 157.39793 98.43307 157.67923 98.15178 curveto
157.96053 97.87048 158.34203 97.71242 158.73987 97.71242 curveto
159.13771 97.71242 159.51921 97.87048 159.8005 98.15178 curveto
160.0818 98.43307 160.23987 98.81458 160.23987 99.21242 curveto closepath fill
 0 0 0 setrgbcolor
newpath 160.23987 99.21242 moveto
160.23987 99.61026 160.0818 99.99176 159.8005 100.27306 curveto
159.51921 100.55435 159.13771 100.71242 158.73987 100.71242 curveto
158.34203 100.71242 157.96053 100.55435 157.67923 100.27306 curveto
157.39793 99.99176 157.23987 99.61026 157.23987 99.21242 curveto
157.23987 98.81458 157.39793 98.43307 157.67923 98.15178 curveto
157.96053 97.87048 158.34203 97.71242 158.73987 97.71242 curveto
159.13771 97.71242 159.51921 97.87048 159.8005 98.15178 curveto
160.0818 98.43307 160.23987 98.81458 160.23987 99.21242 curveto closepath stroke
 1 1 1 setrgbcolor
newpath 180.08235 19.84248 moveto
180.08235 20.24033 179.92429 20.62183 179.64299 20.90312 curveto
179.3617 21.18442 178.9802 21.34248 178.58235 21.34248 curveto
178.18451 21.34248 177.80301 21.18442 177.52171 20.90312 curveto
177.24042 20.62183 177.08235 20.24033 177.08235 19.84248 curveto
177.08235 19.44464 177.24042 19.06314 177.52171 18.78185 curveto
177.80301 18.50055 178.18451 18.34248 178.58235 18.34248 curveto
178.9802 18.34248 179.3617 18.50055 179.64299 18.78185 curveto
179.92429 19.06314 180.08235 19.44464 180.08235 19.84248 curveto closepath fill
 0 0 0 setrgbcolor
newpath 180.08235 19.84248 moveto
180.08235 20.24033 179.92429 20.62183 179.64299 20.90312 curveto
179.3617 21.18442 178.9802 21.34248 178.58235 21.34248 curveto
178.18451 21.34248 177.80301 21.18442 177.52171 20.90312 curveto
177.24042 20.62183 177.08235 20.24033 177.08235 19.84248 curveto
177.08235 19.44464 177.24042 19.06314 177.52171 18.78185 curveto
177.80301 18.50055 178.18451 18.34248 178.58235 18.34248 curveto
178.9802 18.34248 179.3617 18.50055 179.64299 18.78185 curveto
179.92429 19.06314 180.08235 19.44464 180.08235 19.84248 curveto closepath stroke
 1 1 1 setrgbcolor
newpath 180.08235 39.68497 moveto
180.08235 40.08281 179.92429 40.46431 179.64299 40.7456 curveto
179.3617 41.0269 178.9802 41.18497 178.58235 41.18497 curveto
178.18451 41.18497 177.80301 41.0269 177.52171 40.7456 curveto
177.24042 40.46431 177.08235 40.08281 177.08235 39.68497 curveto
177.08235 39.28712 177.24042 38.90562 177.52171 38.62433 curveto
177.80301 38.34303 178.18451 38.18497 178.58235 38.18497 curveto
178.9802 38.18497 179.3617 38.34303 179.64299 38.62433 curveto
179.92429 38.90562 180.08235 39.28712 180.08235 39.68497 curveto closepath fill
 0 0 0 setrgbcolor
newpath 180.08235 39.68497 moveto
180.08235 40.08281 179.92429 40.46431 179.64299 40.7456 curveto
179.3617 41.0269 178.9802 41.18497 178.58235 41.18497 curveto
178.18451 41.18497 177.80301 41.0269 177.52171 40.7456 curveto
177.24042 40.46431 177.08235 40.08281 177.08235 39.68497 curveto
177.08235 39.28712 177.24042 38.90562 177.52171 38.62433 curveto
177.80301 38.34303 178.18451 38.18497 178.58235 38.18497 curveto
178.9802 38.18497 179.3617 38.34303 179.64299 38.62433 curveto
179.92429 38.90562 180.08235 39.28712 180.08235 39.68497 curveto closepath stroke
 1 1 1 setrgbcolor
newpath 180.08235 59.52745 moveto
180.08235 59.9253 179.92429 60.3068 179.64299 60.58809 curveto
179.3617 60.86938 178.9802 61.02745 178.58235 61.02745 curveto
178.18451 61.02745 177.80301 60.86938 177.52171 60.58809 curveto
177.24042 60.3068 177.08235 59.9253 177.08235 59.52745 curveto
177.08235 59.12961 177.24042 58.74811 177.52171 58.46681 curveto
177.80301 58.18552 178.18451 58.02745 178.58235 58.02745 curveto
178.9802 58.02745 179.3617 58.18552 179.64299 58.46681 curveto
179.92429 58.74811 180.08235 59.12961 180.08235 59.52745 curveto closepath fill
 0 0 0 setrgbcolor
newpath 180.08235 59.52745 moveto
180.08235 59.9253 179.92429 60.3068 179.64299 60.58809 curveto
179.3617 60.86938 178.9802 61.02745 178.58235 61.02745 curveto
178.18451 61.02745 177.80301 60.86938 177.52171 60.58809 curveto
177.24042 60.3068 177.08235 59.9253 177.08235 59.52745 curveto
177.08235 59.12961 177.24042 58.74811 177.52171 58.46681 curveto
177.80301 58.18552 178.18451 58.02745 178.58235 58.02745 curveto
178.9802 58.02745 179.3617 58.18552 179.64299 58.46681 curveto
179.92429 58.74811 180.08235 59.12961 180.08235 59.52745 curveto closepath stroke
 1 1 1 setrgbcolor
newpath 180.08235 79.36993 moveto
180.08235 79.76778 179.92429 80.14928 179.64299 80.43057 curveto
179.3617 80.71187 178.9802 80.86993 178.58235 80.86993 curveto
178.18451 80.86993 177.80301 80.71187 177.52171 80.43057 curveto
177.24042 80.14928 177.08235 79.76778 177.08235 79.36993 curveto
177.08235 78.97209 177.24042 78.59059 177.52171 78.3093 curveto
177.80301 78.028 178.18451 77.86993 178.58235 77.86993 curveto
178.9802 77.86993 179.3617 78.028 179.64299 78.3093 curveto
179.92429 78.59059 180.08235 78.97209 180.08235 79.36993 curveto closepath fill
 0 0 0 setrgbcolor
newpath 180.08235 79.36993 moveto
180.08235 79.76778 179.92429 80.14928 179.64299 80.43057 curveto
179.3617 80.71187 178.9802 80.86993 178.58235 80.86993 curveto
178.18451 80.86993 177.80301 80.71187 177.52171 80.43057 curveto
177.24042 80.14928 177.08235 79.76778 177.08235 79.36993 curveto
177.08235 78.97209 177.24042 78.59059 177.52171 78.3093 curveto
177.80301 78.028 178.18451 77.86993 178.58235 77.86993 curveto
178.9802 77.86993 179.3617 78.028 179.64299 78.3093 curveto
179.92429 78.59059 180.08235 78.97209 180.08235 79.36993 curveto closepath stroke
 1 1 1 setrgbcolor
newpath 180.08235 99.21242 moveto
180.08235 99.61026 179.92429 99.99176 179.64299 100.27306 curveto
179.3617 100.55435 178.9802 100.71242 178.58235 100.71242 curveto
178.18451 100.71242 177.80301 100.55435 177.52171 100.27306 curveto
177.24042 99.99176 177.08235 99.61026 177.08235 99.21242 curveto
177.08235 98.81458 177.24042 98.43307 177.52171 98.15178 curveto
177.80301 97.87048 178.18451 97.71242 178.58235 97.71242 curveto
178.9802 97.71242 179.3617 97.87048 179.64299 98.15178 curveto
179.92429 98.43307 180.08235 98.81458 180.08235 99.21242 curveto closepath fill
 0 0 0 setrgbcolor
newpath 180.08235 99.21242 moveto
180.08235 99.61026 179.92429 99.99176 179.64299 100.27306 curveto
179.3617 100.55435 178.9802 100.71242 178.58235 100.71242 curveto
178.18451 100.71242 177.80301 100.55435 177.52171 100.27306 curveto
177.24042 99.99176 177.08235 99.61026 177.08235 99.21242 curveto
177.08235 98.81458 177.24042 98.43307 177.52171 98.15178 curveto
177.80301 97.87048 178.18451 97.71242 178.58235 97.71242 curveto
178.9802 97.71242 179.3617 97.87048 179.64299 98.15178 curveto
179.92429 98.43307 180.08235 98.81458 180.08235 99.21242 curveto closepath stroke
 1 1 1 setrgbcolor
newpath 199.92484 19.84248 moveto
199.92484 20.24033 199.76677 20.62183 199.48547 20.90312 curveto
199.20418 21.18442 198.82268 21.34248 198.42484 21.34248 curveto
198.027 21.34248 197.6455 21.18442 197.3642 20.90312 curveto
197.0829 20.62183 196.92484 20.24033 196.92484 19.84248 curveto
196.92484 19.44464 197.0829 19.06314 197.3642 18.78185 curveto
197.6455 18.50055 198.027 18.34248 198.42484 18.34248 curveto
198.82268 18.34248 199.20418 18.50055 199.48547 18.78185 curveto
199.76677 19.06314 199.92484 19.44464 199.92484 19.84248 curveto closepath fill
 0 0 0 setrgbcolor
newpath 199.92484 19.84248 moveto
199.92484 20.24033 199.76677 20.62183 199.48547 20.90312 curveto
199.20418 21.18442 198.82268 21.34248 198.42484 21.34248 curveto
198.027 21.34248 197.6455 21.18442 197.3642 20.90312 curveto
197.0829 20.62183 196.92484 20.24033 196.92484 19.84248 curveto
196.92484 19.44464 197.0829 19.06314 197.3642 18.78185 curveto
197.6455 18.50055 198.027 18.34248 198.42484 18.34248 curveto
198.82268 18.34248 199.20418 18.50055 199.48547 18.78185 curveto
199.76677 19.06314 199.92484 19.44464 199.92484 19.84248 curveto closepath stroke
 1 1 1 setrgbcolor
newpath 199.92484 39.68497 moveto
199.92484 40.08281 199.76677 40.46431 199.48547 40.7456 curveto
199.20418 41.0269 198.82268 41.18497 198.42484 41.18497 curveto
198.027 41.18497 197.6455 41.0269 197.3642 40.7456 curveto
197.0829 40.46431 196.92484 40.08281 196.92484 39.68497 curveto
196.92484 39.28712 197.0829 38.90562 197.3642 38.62433 curveto
197.6455 38.34303 198.027 38.18497 198.42484 38.18497 curveto
198.82268 38.18497 199.20418 38.34303 199.48547 38.62433 curveto
199.76677 38.90562 199.92484 39.28712 199.92484 39.68497 curveto closepath fill
 0 0 0 setrgbcolor
newpath 199.92484 39.68497 moveto
199.92484 40.08281 199.76677 40.46431 199.48547 40.7456 curveto
199.20418 41.0269 198.82268 41.18497 198.42484 41.18497 curveto
198.027 41.18497 197.6455 41.0269 197.3642 40.7456 curveto
197.0829 40.46431 196.92484 40.08281 196.92484 39.68497 curveto
196.92484 39.28712 197.0829 38.90562 197.3642 38.62433 curveto
197.6455 38.34303 198.027 38.18497 198.42484 38.18497 curveto
198.82268 38.18497 199.20418 38.34303 199.48547 38.62433 curveto
199.76677 38.90562 199.92484 39.28712 199.92484 39.68497 curveto closepath stroke
 1 1 1 setrgbcolor
newpath 199.92484 59.52745 moveto
199.92484 59.9253 199.76677 60.3068 199.48547 60.58809 curveto
199.20418 60.86938 198.82268 61.02745 198.42484 61.02745 curveto
198.027 61.02745 197.6455 60.86938 197.3642 60.58809 curveto
197.0829 60.3068 196.92484 59.9253 196.92484 59.52745 curveto
196.92484 59.12961 197.0829 58.74811 197.3642 58.46681 curveto
197.6455 58.18552 198.027 58.02745 198.42484 58.02745 curveto
198.82268 58.02745 199.20418 58.18552 199.48547 58.46681 curveto
199.76677 58.74811 199.92484 59.12961 199.92484 59.52745 curveto closepath fill
 0 0 0 setrgbcolor
newpath 199.92484 59.52745 moveto
199.92484 59.9253 199.76677 60.3068 199.48547 60.58809 curveto
199.20418 60.86938 198.82268 61.02745 198.42484 61.02745 curveto
198.027 61.02745 197.6455 60.86938 197.3642 60.58809 curveto
197.0829 60.3068 196.92484 59.9253 196.92484 59.52745 curveto
196.92484 59.12961 197.0829 58.74811 197.3642 58.46681 curveto
197.6455 58.18552 198.027 58.02745 198.42484 58.02745 curveto
198.82268 58.02745 199.20418 58.18552 199.48547 58.46681 curveto
199.76677 58.74811 199.92484 59.12961 199.92484 59.52745 curveto closepath stroke
 1 1 1 setrgbcolor
newpath 199.92484 79.36993 moveto
199.92484 79.76778 199.76677 80.14928 199.48547 80.43057 curveto
199.20418 80.71187 198.82268 80.86993 198.42484 80.86993 curveto
198.027 80.86993 197.6455 80.71187 197.3642 80.43057 curveto
197.0829 80.14928 196.92484 79.76778 196.92484 79.36993 curveto
196.92484 78.97209 197.0829 78.59059 197.3642 78.3093 curveto
197.6455 78.028 198.027 77.86993 198.42484 77.86993 curveto
198.82268 77.86993 199.20418 78.028 199.48547 78.3093 curveto
199.76677 78.59059 199.92484 78.97209 199.92484 79.36993 curveto closepath fill
 0 0 0 setrgbcolor
newpath 199.92484 79.36993 moveto
199.92484 79.76778 199.76677 80.14928 199.48547 80.43057 curveto
199.20418 80.71187 198.82268 80.86993 198.42484 80.86993 curveto
198.027 80.86993 197.6455 80.71187 197.3642 80.43057 curveto
197.0829 80.14928 196.92484 79.76778 196.92484 79.36993 curveto
196.92484 78.97209 197.0829 78.59059 197.3642 78.3093 curveto
197.6455 78.028 198.027 77.86993 198.42484 77.86993 curveto
198.82268 77.86993 199.20418 78.028 199.48547 78.3093 curveto
199.76677 78.59059 199.92484 78.97209 199.92484 79.36993 curveto closepath stroke
 1 1 1 setrgbcolor
newpath 199.92484 99.21242 moveto
199.92484 99.61026 199.76677 99.99176 199.48547 100.27306 curveto
199.20418 100.55435 198.82268 100.71242 198.42484 100.71242 curveto
198.027 100.71242 197.6455 100.55435 197.3642 100.27306 curveto
197.0829 99.99176 196.92484 99.61026 196.92484 99.21242 curveto
196.92484 98.81458 197.0829 98.43307 197.3642 98.15178 curveto
197.6455 97.87048 198.027 97.71242 198.42484 97.71242 curveto
198.82268 97.71242 199.20418 97.87048 199.48547 98.15178 curveto
199.76677 98.43307 199.92484 98.81458 199.92484 99.21242 curveto closepath fill
 0 0 0 setrgbcolor
newpath 199.92484 99.21242 moveto
199.92484 99.61026 199.76677 99.99176 199.48547 100.27306 curveto
199.20418 100.55435 198.82268 100.71242 198.42484 100.71242 curveto
198.027 100.71242 197.6455 100.55435 197.3642 100.27306 curveto
197.0829 99.99176 196.92484 99.61026 196.92484 99.21242 curveto
196.92484 98.81458 197.0829 98.43307 197.3642 98.15178 curveto
197.6455 97.87048 198.027 97.71242 198.42484 97.71242 curveto
198.82268 97.71242 199.20418 97.87048 199.48547 98.15178 curveto
199.76677 98.43307 199.92484 98.81458 199.92484 99.21242 curveto closepath stroke
 1 1 1 setrgbcolor
newpath 219.76732 19.84248 moveto
219.76732 20.24033 219.60925 20.62183 219.32796 20.90312 curveto
219.04666 21.18442 218.66516 21.34248 218.26732 21.34248 curveto
217.86948 21.34248 217.48798 21.18442 217.20668 20.90312 curveto
216.92538 20.62183 216.76732 20.24033 216.76732 19.84248 curveto
216.76732 19.44464 216.92538 19.06314 217.20668 18.78185 curveto
217.48798 18.50055 217.86948 18.34248 218.26732 18.34248 curveto
218.66516 18.34248 219.04666 18.50055 219.32796 18.78185 curveto
219.60925 19.06314 219.76732 19.44464 219.76732 19.84248 curveto closepath fill
 0 0 0 setrgbcolor
newpath 219.76732 19.84248 moveto
219.76732 20.24033 219.60925 20.62183 219.32796 20.90312 curveto
219.04666 21.18442 218.66516 21.34248 218.26732 21.34248 curveto
217.86948 21.34248 217.48798 21.18442 217.20668 20.90312 curveto
216.92538 20.62183 216.76732 20.24033 216.76732 19.84248 curveto
216.76732 19.44464 216.92538 19.06314 217.20668 18.78185 curveto
217.48798 18.50055 217.86948 18.34248 218.26732 18.34248 curveto
218.66516 18.34248 219.04666 18.50055 219.32796 18.78185 curveto
219.60925 19.06314 219.76732 19.44464 219.76732 19.84248 curveto closepath stroke
 1 1 1 setrgbcolor
newpath 219.76732 39.68497 moveto
219.76732 40.08281 219.60925 40.46431 219.32796 40.7456 curveto
219.04666 41.0269 218.66516 41.18497 218.26732 41.18497 curveto
217.86948 41.18497 217.48798 41.0269 217.20668 40.7456 curveto
216.92538 40.46431 216.76732 40.08281 216.76732 39.68497 curveto
216.76732 39.28712 216.92538 38.90562 217.20668 38.62433 curveto
217.48798 38.34303 217.86948 38.18497 218.26732 38.18497 curveto
218.66516 38.18497 219.04666 38.34303 219.32796 38.62433 curveto
219.60925 38.90562 219.76732 39.28712 219.76732 39.68497 curveto closepath fill
 0 0 0 setrgbcolor
newpath 219.76732 39.68497 moveto
219.76732 40.08281 219.60925 40.46431 219.32796 40.7456 curveto
219.04666 41.0269 218.66516 41.18497 218.26732 41.18497 curveto
217.86948 41.18497 217.48798 41.0269 217.20668 40.7456 curveto
216.92538 40.46431 216.76732 40.08281 216.76732 39.68497 curveto
216.76732 39.28712 216.92538 38.90562 217.20668 38.62433 curveto
217.48798 38.34303 217.86948 38.18497 218.26732 38.18497 curveto
218.66516 38.18497 219.04666 38.34303 219.32796 38.62433 curveto
219.60925 38.90562 219.76732 39.28712 219.76732 39.68497 curveto closepath stroke
 1 1 1 setrgbcolor
newpath 219.76732 59.52745 moveto
219.76732 59.9253 219.60925 60.3068 219.32796 60.58809 curveto
219.04666 60.86938 218.66516 61.02745 218.26732 61.02745 curveto
217.86948 61.02745 217.48798 60.86938 217.20668 60.58809 curveto
216.92538 60.3068 216.76732 59.9253 216.76732 59.52745 curveto
216.76732 59.12961 216.92538 58.74811 217.20668 58.46681 curveto
217.48798 58.18552 217.86948 58.02745 218.26732 58.02745 curveto
218.66516 58.02745 219.04666 58.18552 219.32796 58.46681 curveto
219.60925 58.74811 219.76732 59.12961 219.76732 59.52745 curveto closepath fill
 0 0 0 setrgbcolor
newpath 219.76732 59.52745 moveto
219.76732 59.9253 219.60925 60.3068 219.32796 60.58809 curveto
219.04666 60.86938 218.66516 61.02745 218.26732 61.02745 curveto
217.86948 61.02745 217.48798 60.86938 217.20668 60.58809 curveto
216.92538 60.3068 216.76732 59.9253 216.76732 59.52745 curveto
216.76732 59.12961 216.92538 58.74811 217.20668 58.46681 curveto
217.48798 58.18552 217.86948 58.02745 218.26732 58.02745 curveto
218.66516 58.02745 219.04666 58.18552 219.32796 58.46681 curveto
219.60925 58.74811 219.76732 59.12961 219.76732 59.52745 curveto closepath stroke
 1 1 1 setrgbcolor
newpath 219.76732 79.36993 moveto
219.76732 79.76778 219.60925 80.14928 219.32796 80.43057 curveto
219.04666 80.71187 218.66516 80.86993 218.26732 80.86993 curveto
217.86948 80.86993 217.48798 80.71187 217.20668 80.43057 curveto
216.92538 80.14928 216.76732 79.76778 216.76732 79.36993 curveto
216.76732 78.97209 216.92538 78.59059 217.20668 78.3093 curveto
217.48798 78.028 217.86948 77.86993 218.26732 77.86993 curveto
218.66516 77.86993 219.04666 78.028 219.32796 78.3093 curveto
219.60925 78.59059 219.76732 78.97209 219.76732 79.36993 curveto closepath fill
 0 0 0 setrgbcolor
newpath 219.76732 79.36993 moveto
219.76732 79.76778 219.60925 80.14928 219.32796 80.43057 curveto
219.04666 80.71187 218.66516 80.86993 218.26732 80.86993 curveto
217.86948 80.86993 217.48798 80.71187 217.20668 80.43057 curveto
216.92538 80.14928 216.76732 79.76778 216.76732 79.36993 curveto
216.76732 78.97209 216.92538 78.59059 217.20668 78.3093 curveto
217.48798 78.028 217.86948 77.86993 218.26732 77.86993 curveto
218.66516 77.86993 219.04666 78.028 219.32796 78.3093 curveto
219.60925 78.59059 219.76732 78.97209 219.76732 79.36993 curveto closepath stroke
 1 1 1 setrgbcolor
newpath 219.76732 99.21242 moveto
219.76732 99.61026 219.60925 99.99176 219.32796 100.27306 curveto
219.04666 100.55435 218.66516 100.71242 218.26732 100.71242 curveto
217.86948 100.71242 217.48798 100.55435 217.20668 100.27306 curveto
216.92538 99.99176 216.76732 99.61026 216.76732 99.21242 curveto
216.76732 98.81458 216.92538 98.43307 217.20668 98.15178 curveto
217.48798 97.87048 217.86948 97.71242 218.26732 97.71242 curveto
218.66516 97.71242 219.04666 97.87048 219.32796 98.15178 curveto
219.60925 98.43307 219.76732 98.81458 219.76732 99.21242 curveto closepath fill
 0 0 0 setrgbcolor
newpath 219.76732 99.21242 moveto
219.76732 99.61026 219.60925 99.99176 219.32796 100.27306 curveto
219.04666 100.55435 218.66516 100.71242 218.26732 100.71242 curveto
217.86948 100.71242 217.48798 100.55435 217.20668 100.27306 curveto
216.92538 99.99176 216.76732 99.61026 216.76732 99.21242 curveto
216.76732 98.81458 216.92538 98.43307 217.20668 98.15178 curveto
217.48798 97.87048 217.86948 97.71242 218.26732 97.71242 curveto
218.66516 97.71242 219.04666 97.87048 219.32796 98.15178 curveto
219.60925 98.43307 219.76732 98.81458 219.76732 99.21242 curveto closepath stroke
-9.976 -8.90779 moveto
(O) lmmi10 9.96265 fshow
104.4418 -9.2737 moveto
(n) lmmi10 9.96265 fshow
113.1891 -9.2737 moveto
(=) cs-lmr10 9.96265 fshow
123.7053 -9.2737 moveto
(11) cs-lmr10 9.96265 fshow
240.2098 -6.3895 moveto
(x) lmmi10 9.96265 fshow
gsave [0 1 -1 0 -3 47.6449 ] concat 0 0 moveto
(k) lmmi10 9.96265 fshow grestore
gsave [0 1 -1 0 -3 55.91249 ] concat 0 0 moveto
(=) cs-lmr10 9.96265 fshow grestore
gsave [0 1 -1 0 -3 66.4287 ] concat 0 0 moveto
(5) cs-lmr10 9.96265 fshow grestore
-7.34189 123.09209 moveto
(y) lmmi10 9.96265 fshow
115.71324 62.52745 moveto
(S) lmmi10 9.96265 fshow
160.83986 30.77718 moveto
(B) lmmi10 9.96265 fshow
66.41824 81.46992 moveto
(B) lmmi10 9.96265 fshow
74.47484 85.08533 moveto
(0) lmsy7 6.97385 fshow
showpage
%%EOF
