%!PS
%%BoundingBox: -3 -1 39 93 
%%HiResBoundingBox: -2.09264 -0.25 38.94298 92.37585 
%%Creator: MetaPost 2.00
%%CreationDate: 2022.12.30:2154
%%Pages: 1
%%BeginProlog
%%EndProlog
%%Page: 1 1
 0 0 0 setrgbcolor 0 0.5 dtransform truncate idtransform setlinewidth pop
 [] 0 setdash 1 setlinecap 1 setlinejoin 10 setmiterlimit
newpath -1.84264 0 moveto
38.69298 0 lineto stroke
newpath -1.84264 18.42517 moveto
38.69298 18.42517 lineto stroke
newpath -1.84264 36.85034 moveto
38.69298 36.85034 lineto stroke
newpath -1.84264 55.27551 moveto
38.69298 55.27551 lineto stroke
newpath -1.84264 73.70068 moveto
38.69298 73.70068 lineto stroke
newpath -1.84264 92.12585 moveto
38.69298 92.12585 lineto stroke
 0.5 0 dtransform exch truncate exch idtransform pop setlinewidth
newpath 0 0 moveto
0 92.12585 lineto stroke
newpath 18.42517 0 moveto
18.42517 92.12585 lineto stroke
newpath 36.85034 0 moveto
36.85034 92.12585 lineto stroke
 0 0 1 setrgbcolor 0 0.5 dtransform truncate idtransform setlinewidth pop
newpath 27.63776 9.21259 moveto
27.63776 64.4881 lineto
9.21259 64.4881 lineto
9.21259 82.91327 lineto stroke
newpath 10.74329 79.21791 moveto
9.21259 82.91327 lineto
7.68188 79.21791 lineto
 closepath
gsave fill grestore stroke
 1 1 1 setrgbcolor
newpath 16.58269 46.06293 moveto
16.58269 48.01768 15.80605 49.89215 14.42392 51.27426 curveto
13.04181 52.65639 11.16734 53.43303 9.21259 53.43303 curveto
7.25783 53.43303 5.38336 52.65639 4.00125 51.27426 curveto
2.61913 49.89215 1.84248 48.01768 1.84248 46.06293 curveto
1.84248 44.10817 2.61913 42.2337 4.00125 40.8516 curveto
5.38336 39.46947 7.25783 38.69283 9.21259 38.69283 curveto
11.16734 38.69283 13.04181 39.46947 14.42392 40.8516 curveto
15.80605 42.2337 16.58269 44.10817 16.58269 46.06293 curveto closepath fill
 0 0 0 setrgbcolor
newpath 16.58269 46.06293 moveto
16.58269 48.01768 15.80605 49.89215 14.42392 51.27426 curveto
13.04181 52.65639 11.16734 53.43303 9.21259 53.43303 curveto
7.25783 53.43303 5.38336 52.65639 4.00125 51.27426 curveto
2.61913 49.89215 1.84248 48.01768 1.84248 46.06293 curveto
1.84248 44.10817 2.61913 42.2337 4.00125 40.8516 curveto
5.38336 39.46947 7.25783 38.69283 9.21259 38.69283 curveto
11.16734 38.69283 13.04181 39.46947 14.42392 40.8516 curveto
15.80605 42.2337 16.58269 44.10817 16.58269 46.06293 curveto closepath stroke
 1 1 1 setrgbcolor
newpath 35.00786 82.91327 moveto
35.00786 84.86803 34.23122 86.7425 32.84909 88.1246 curveto
31.46698 89.50673 29.59251 90.28337 27.63776 90.28337 curveto
25.683 90.28337 23.80853 89.50673 22.42642 88.1246 curveto
21.0443 86.7425 20.26765 84.86803 20.26765 82.91327 curveto
20.26765 80.95851 21.0443 79.08405 22.42642 77.70193 curveto
23.80853 76.31981 25.683 75.54317 27.63776 75.54317 curveto
29.59251 75.54317 31.46698 76.31981 32.84909 77.70193 curveto
34.23122 79.08405 35.00786 80.95851 35.00786 82.91327 curveto closepath fill
 0 0 0 setrgbcolor
newpath 35.00786 82.91327 moveto
35.00786 84.86803 34.23122 86.7425 32.84909 88.1246 curveto
31.46698 89.50673 29.59251 90.28337 27.63776 90.28337 curveto
25.683 90.28337 23.80853 89.50673 22.42642 88.1246 curveto
21.0443 86.7425 20.26765 84.86803 20.26765 82.91327 curveto
20.26765 80.95851 21.0443 79.08405 22.42642 77.70193 curveto
23.80853 76.31981 25.683 75.54317 27.63776 75.54317 curveto
29.59251 75.54317 31.46698 76.31981 32.84909 77.70193 curveto
34.23122 79.08405 35.00786 80.95851 35.00786 82.91327 curveto closepath stroke
 0.3 0.3 0.3 setrgbcolor
newpath 16.58269 9.21259 moveto
16.58269 11.16734 15.80605 13.04181 14.42392 14.42392 curveto
13.04181 15.80605 11.16734 16.58269 9.21259 16.58269 curveto
7.25783 16.58269 5.38336 15.80605 4.00125 14.42392 curveto
2.61913 13.04181 1.84248 11.16734 1.84248 9.21259 curveto
1.84248 7.25783 2.61913 5.38336 4.00125 4.00125 curveto
5.38336 2.61913 7.25783 1.84248 9.21259 1.84248 curveto
11.16734 1.84248 13.04181 2.61913 14.42392 4.00125 curveto
15.80605 5.38336 16.58269 7.25783 16.58269 9.21259 curveto closepath fill
 0 0 0 setrgbcolor
newpath 16.58269 9.21259 moveto
16.58269 11.16734 15.80605 13.04181 14.42392 14.42392 curveto
13.04181 15.80605 11.16734 16.58269 9.21259 16.58269 curveto
7.25783 16.58269 5.38336 15.80605 4.00125 14.42392 curveto
2.61913 13.04181 1.84248 11.16734 1.84248 9.21259 curveto
1.84248 7.25783 2.61913 5.38336 4.00125 4.00125 curveto
5.38336 2.61913 7.25783 1.84248 9.21259 1.84248 curveto
11.16734 1.84248 13.04181 2.61913 14.42392 4.00125 curveto
15.80605 5.38336 16.58269 7.25783 16.58269 9.21259 curveto closepath stroke
 0.3 0.3 0.3 setrgbcolor
newpath 35.00786 9.21259 moveto
35.00786 11.16734 34.23122 13.04181 32.84909 14.42392 curveto
31.46698 15.80605 29.59251 16.58269 27.63776 16.58269 curveto
25.683 16.58269 23.80853 15.80605 22.42642 14.42392 curveto
21.0443 13.04181 20.26765 11.16734 20.26765 9.21259 curveto
20.26765 7.25783 21.0443 5.38336 22.42642 4.00125 curveto
23.80853 2.61913 25.683 1.84248 27.63776 1.84248 curveto
29.59251 1.84248 31.46698 2.61913 32.84909 4.00125 curveto
34.23122 5.38336 35.00786 7.25783 35.00786 9.21259 curveto closepath fill
 0 0 0 setrgbcolor
newpath 35.00786 9.21259 moveto
35.00786 11.16734 34.23122 13.04181 32.84909 14.42392 curveto
31.46698 15.80605 29.59251 16.58269 27.63776 16.58269 curveto
25.683 16.58269 23.80853 15.80605 22.42642 14.42392 curveto
21.0443 13.04181 20.26765 11.16734 20.26765 9.21259 curveto
20.26765 7.25783 21.0443 5.38336 22.42642 4.00125 curveto
23.80853 2.61913 25.683 1.84248 27.63776 1.84248 curveto
29.59251 1.84248 31.46698 2.61913 32.84909 4.00125 curveto
34.23122 5.38336 35.00786 7.25783 35.00786 9.21259 curveto closepath stroke
showpage
%%EOF
