%!PS
%%BoundingBox: -91 -118 126 64 
%%HiResBoundingBox: -90.58237 -117.47743 125.62097 63.74168 
%%Creator: MetaPost 1.999
%%CreationDate: 2022.08.03:1343
%%Pages: 1
%*Font: lmmi10 9.96265 9.96265 41:e001a
%*Font: lmsy7 6.97385 6.97385 30:8
%%BeginProlog
%%EndProlog
%%Page: 1 1
 0 0 0 setrgbcolor 0 0.5 dtransform truncate idtransform setlinewidth pop
 [] 0 setdash 1 setlinecap 1 setlinejoin 10 setmiterlimit
newpath -41.2508 -50.93146 moveto
-35.91748 -53.91768 -29.22255 -50.83244 -28.02765 -44.83803 curveto stroke
newpath 50.73161 -5.3408 moveto
45.40118 -8.33224 44.53944 -15.6534 49.02983 -19.80074 curveto stroke
 1 0 0 setrgbcolor
newpath 7.28554 -60.18437 moveto
2.39058 -52.19072 8.14009 -41.92235 17.51344 -41.91777 curveto stroke
newpath 14.11661 -44.02997 moveto
15.08168 -43.1761 16.21585 -42.45601 17.51344 -41.91777 curveto
16.21533 -41.38081 14.90416 -41.08797 13.61798 -41.00934 curveto
 closepath
gsave fill grestore stroke
newpath 17.51149 -37.91777 moveto
30.0093 -37.91167 37.68874 -51.59502 31.17262 -62.25981 curveto stroke
newpath 31.31134 -58.26207 moveto
31.42722 -59.55125 31.38785 -60.88925 31.17262 -62.25981 curveto
32.29395 -61.44287 33.26791 -60.52464 34.0976 -59.53111 curveto
 closepath
gsave fill grestore stroke
 0 0 0 setrgbcolor [6 2 ] 3 setdash
newpath -36.85393 -43.07857 moveto
17.5193 -53.91777 lineto
55.13617 -13.1893 lineto stroke
 0.6 0.25 0.12 setrgbcolor [] 0 setdash
newpath 17.46709 53.93388 moveto
-36.85393 -43.07857 lineto stroke
newpath 55.13617 -13.1893 moveto
109.55196 -110.14871 lineto stroke
 0 0 1 setrgbcolor
newpath -36.85393 -43.07857 moveto
-74.45755 -110.23851 lineto stroke
newpath 17.46709 53.93388 moveto
55.13617 -13.1893 lineto stroke
 0 0.7 0 setrgbcolor
newpath 17.46709 53.93388 moveto
17.5193 -53.91777 lineto
-74.45755 -110.23851 lineto stroke
newpath 17.5193 -53.91777 moveto
109.55196 -110.14871 lineto stroke
 0 0 0 setrgbcolor
newpath 104.83223 -117.22743 moveto
118.09724 -98.93442 125.37097 -76.80211 125.37097 -53.91777 curveto
125.37097 -25.31245 114.00586 2.11783 93.78038 22.3433 curveto
73.5549 42.56879 46.12462 53.9339 17.5193 53.9339 curveto
-11.08601 53.9339 -38.5163 42.56879 -58.74178 22.3433 curveto
-78.96725 2.11783 -90.33237 -25.31245 -90.33237 -53.91777 curveto
-90.33237 -76.80211 -83.05864 -98.93442 -69.79362 -117.22743 curveto stroke
13.73108 56.93388 moveto
(A) lmmi10 9.96265 fshow
 1 1 1 setrgbcolor
newpath 18.96709 53.93388 moveto
18.96709 54.33173 18.80902 54.71323 18.52773 54.99452 curveto
18.24643 55.27582 17.86493 55.43388 17.46709 55.43388 curveto
17.06924 55.43388 16.68774 55.27582 16.40645 54.99452 curveto
16.12515 54.71323 15.96709 54.33173 15.96709 53.93388 curveto
15.96709 53.53604 16.12515 53.15454 16.40645 52.87325 curveto
16.68774 52.59195 17.06924 52.43388 17.46709 52.43388 curveto
17.86493 52.43388 18.24643 52.59195 18.52773 52.87325 curveto
18.80902 53.15454 18.96709 53.53604 18.96709 53.93388 curveto closepath fill
 0 0 0 setrgbcolor
newpath 18.96709 53.93388 moveto
18.96709 54.33173 18.80902 54.71323 18.52773 54.99452 curveto
18.24643 55.27582 17.86493 55.43388 17.46709 55.43388 curveto
17.06924 55.43388 16.68774 55.27582 16.40645 54.99452 curveto
16.12515 54.71323 15.96709 54.33173 15.96709 53.93388 curveto
15.96709 53.53604 16.12515 53.15454 16.40645 52.87325 curveto
16.68774 52.59195 17.06924 52.43388 17.46709 52.43388 curveto
17.86493 52.43388 18.24643 52.59195 18.52773 52.87325 curveto
18.80902 53.15454 18.96709 53.53604 18.96709 53.93388 curveto closepath stroke
-47.01051 -40.97858 moveto
(B) lmmi10 9.96265 fshow
 1 1 1 setrgbcolor
newpath -35.35393 -43.07857 moveto
-35.35393 -42.68073 -35.512 -42.29922 -35.79329 -42.01793 curveto
-36.07458 -41.73663 -36.45609 -41.57857 -36.85393 -41.57857 curveto
-37.25177 -41.57857 -37.63327 -41.73663 -37.91457 -42.01793 curveto
-38.19586 -42.29922 -38.35393 -42.68073 -38.35393 -43.07857 curveto
-38.35393 -43.47641 -38.19586 -43.85791 -37.91457 -44.1392 curveto
-37.63327 -44.4205 -37.25177 -44.57857 -36.85393 -44.57857 curveto
-36.45609 -44.57857 -36.07458 -44.4205 -35.79329 -44.1392 curveto
-35.512 -43.85791 -35.35393 -43.47641 -35.35393 -43.07857 curveto closepath fill
 0 0 0 setrgbcolor
newpath -35.35393 -43.07857 moveto
-35.35393 -42.68073 -35.512 -42.29922 -35.79329 -42.01793 curveto
-36.07458 -41.73663 -36.45609 -41.57857 -36.85393 -41.57857 curveto
-37.25177 -41.57857 -37.63327 -41.73663 -37.91457 -42.01793 curveto
-38.19586 -42.29922 -38.35393 -42.68073 -38.35393 -43.07857 curveto
-38.35393 -43.47641 -38.19586 -43.85791 -37.91457 -44.1392 curveto
-37.63327 -44.4205 -37.25177 -44.57857 -36.85393 -44.57857 curveto
-36.45609 -44.57857 -36.07458 -44.4205 -35.79329 -44.1392 curveto
-35.512 -43.85791 -35.35393 -43.47641 -35.35393 -43.07857 curveto closepath stroke
57.23616 -11.08931 moveto
(C) lmmi10 9.96265 fshow
 1 1 1 setrgbcolor
newpath 56.63617 -13.1893 moveto
56.63617 -12.79146 56.4781 -12.40996 56.19681 -12.12866 curveto
55.91551 -11.84737 55.53401 -11.6893 55.13617 -11.6893 curveto
54.73833 -11.6893 54.35683 -11.84737 54.07553 -12.12866 curveto
53.79424 -12.40996 53.63617 -12.79146 53.63617 -13.1893 curveto
53.63617 -13.58714 53.79424 -13.96864 54.07553 -14.24994 curveto
54.35683 -14.53123 54.73833 -14.6893 55.13617 -14.6893 curveto
55.53401 -14.6893 55.91551 -14.53123 56.19681 -14.24994 curveto
56.4781 -13.96864 56.63617 -13.58714 56.63617 -13.1893 curveto closepath fill
 0 0 0 setrgbcolor
newpath 56.63617 -13.1893 moveto
56.63617 -12.79146 56.4781 -12.40996 56.19681 -12.12866 curveto
55.91551 -11.84737 55.53401 -11.6893 55.13617 -11.6893 curveto
54.73833 -11.6893 54.35683 -11.84737 54.07553 -12.12866 curveto
53.79424 -12.40996 53.63617 -12.79146 53.63617 -13.1893 curveto
53.63617 -13.58714 53.79424 -13.96864 54.07553 -14.24994 curveto
54.35683 -14.53123 54.73833 -14.6893 55.13617 -14.6893 curveto
55.53401 -14.6893 55.91551 -14.53123 56.19681 -14.24994 curveto
56.4781 -13.96864 56.63617 -13.58714 56.63617 -13.1893 curveto closepath stroke
14.17764 -63.72557 moveto
(S) lmmi10 9.96265 fshow
 1 1 1 setrgbcolor
newpath 19.0193 -53.91777 moveto
19.0193 -53.51993 18.86124 -53.13843 18.57994 -52.85713 curveto
18.29865 -52.57584 17.91714 -52.41777 17.5193 -52.41777 curveto
17.12146 -52.41777 16.73996 -52.57584 16.45866 -52.85713 curveto
16.17737 -53.13843 16.0193 -53.51993 16.0193 -53.91777 curveto
16.0193 -54.31561 16.17737 -54.69711 16.45866 -54.97841 curveto
16.73996 -55.2597 17.12146 -55.41777 17.5193 -55.41777 curveto
17.91714 -55.41777 18.29865 -55.2597 18.57994 -54.97841 curveto
18.86124 -54.69711 19.0193 -54.31561 19.0193 -53.91777 curveto closepath fill
 0 0 0 setrgbcolor
newpath 19.0193 -53.91777 moveto
19.0193 -53.51993 18.86124 -53.13843 18.57994 -52.85713 curveto
18.29865 -52.57584 17.91714 -52.41777 17.5193 -52.41777 curveto
17.12146 -52.41777 16.73996 -52.57584 16.45866 -52.85713 curveto
16.17737 -53.13843 16.0193 -53.51993 16.0193 -53.91777 curveto
16.0193 -54.31561 16.17737 -54.69711 16.45866 -54.97841 curveto
16.73996 -55.2597 17.12146 -55.41777 17.5193 -55.41777 curveto
17.91714 -55.41777 18.29865 -55.2597 18.57994 -54.97841 curveto
18.86124 -54.69711 19.0193 -54.31561 19.0193 -53.91777 curveto closepath stroke
-88.08575 -113.98337 moveto
(C) lmmi10 9.96265 fshow
-80.25266 -110.36797 moveto
(0) lmsy7 6.97385 fshow
 1 1 1 setrgbcolor
newpath -72.95755 -110.23851 moveto
-72.95755 -109.84067 -73.11562 -109.45917 -73.39691 -109.17787 curveto
-73.6782 -108.89658 -74.05971 -108.73851 -74.45755 -108.73851 curveto
-74.8554 -108.73851 -75.2369 -108.89658 -75.51819 -109.17787 curveto
-75.79948 -109.45917 -75.95755 -109.84067 -75.95755 -110.23851 curveto
-75.95755 -110.63635 -75.79948 -111.01785 -75.51819 -111.29915 curveto
-75.2369 -111.58044 -74.8554 -111.73851 -74.45755 -111.73851 curveto
-74.05971 -111.73851 -73.6782 -111.58044 -73.39691 -111.29915 curveto
-73.11562 -111.01785 -72.95755 -110.63635 -72.95755 -110.23851 curveto closepath fill
 0 0 0 setrgbcolor
newpath -72.95755 -110.23851 moveto
-72.95755 -109.84067 -73.11562 -109.45917 -73.39691 -109.17787 curveto
-73.6782 -108.89658 -74.05971 -108.73851 -74.45755 -108.73851 curveto
-74.8554 -108.73851 -75.2369 -108.89658 -75.51819 -109.17787 curveto
-75.79948 -109.45917 -75.95755 -109.84067 -75.95755 -110.23851 curveto
-75.95755 -110.63635 -75.79948 -111.01785 -75.51819 -111.29915 curveto
-75.2369 -111.58044 -74.8554 -111.73851 -74.45755 -111.73851 curveto
-74.05971 -111.73851 -73.6782 -111.58044 -73.39691 -111.29915 curveto
-73.11562 -111.01785 -72.95755 -110.63635 -72.95755 -110.23851 curveto closepath stroke
112.55196 -113.89357 moveto
(B) lmmi10 9.96265 fshow
120.60855 -110.27817 moveto
(0) lmsy7 6.97385 fshow
 1 1 1 setrgbcolor
newpath 111.05196 -110.14871 moveto
111.05196 -109.75087 110.89389 -109.36937 110.6126 -109.08807 curveto
110.3313 -108.80678 109.9498 -108.64871 109.55196 -108.64871 curveto
109.15411 -108.64871 108.77261 -108.80678 108.49132 -109.08807 curveto
108.21002 -109.36937 108.05196 -109.75087 108.05196 -110.14871 curveto
108.05196 -110.54655 108.21002 -110.92805 108.49132 -111.20935 curveto
108.77261 -111.49065 109.15411 -111.64871 109.55196 -111.64871 curveto
109.9498 -111.64871 110.3313 -111.49065 110.6126 -111.20935 curveto
110.89389 -110.92805 111.05196 -110.54655 111.05196 -110.14871 curveto closepath fill
 0 0 0 setrgbcolor
newpath 111.05196 -110.14871 moveto
111.05196 -109.75087 110.89389 -109.36937 110.6126 -109.08807 curveto
110.3313 -108.80678 109.9498 -108.64871 109.55196 -108.64871 curveto
109.15411 -108.64871 108.77261 -108.80678 108.49132 -109.08807 curveto
108.21002 -109.36937 108.05196 -109.75087 108.05196 -110.14871 curveto
108.05196 -110.54655 108.21002 -110.92805 108.49132 -111.20935 curveto
108.77261 -111.49065 109.15411 -111.64871 109.55196 -111.64871 curveto
109.9498 -111.64871 110.3313 -111.49065 110.6126 -111.20935 curveto
110.89389 -110.92805 111.05196 -110.54655 111.05196 -110.14871 curveto closepath stroke
showpage
%%EOF
