%!PS
%%BoundingBox: -1 -1 148 93 
%%HiResBoundingBox: -0.25 -0.25 147.65137 92.37585 
%%Creator: MetaPost 2.000
%%CreationDate: 2022.06.10:0843
%%Pages: 1
%%BeginProlog
%%EndProlog
%%Page: 1 1
 0 0 0 setrgbcolor 0.5 0 dtransform exch truncate exch idtransform pop setlinewidth
 [] 0 setdash 1 setlinecap 1 setlinejoin 10 setmiterlimit
newpath 0 0 moveto
0 92.12585 lineto stroke
 0.3 0.3 0.3 setrgbcolor
newpath 16.58269 9.21259 moveto
16.58269 11.16734 15.80605 13.04181 14.42392 14.42392 curveto
13.04181 15.80605 11.16734 16.58269 9.21259 16.58269 curveto
7.25783 16.58269 5.38336 15.80605 4.00125 14.42392 curveto
2.61913 13.04181 1.84248 11.16734 1.84248 9.21259 curveto
1.84248 7.25783 2.61913 5.38336 4.00125 4.00125 curveto
5.38336 2.61913 7.25783 1.84248 9.21259 1.84248 curveto
11.16734 1.84248 13.04181 2.61913 14.42392 4.00125 curveto
15.80605 5.38336 16.58269 7.25783 16.58269 9.21259 curveto closepath fill
 0 0 0 setrgbcolor 0 0.5 dtransform truncate idtransform setlinewidth pop
newpath 16.58269 9.21259 moveto
16.58269 11.16734 15.80605 13.04181 14.42392 14.42392 curveto
13.04181 15.80605 11.16734 16.58269 9.21259 16.58269 curveto
7.25783 16.58269 5.38336 15.80605 4.00125 14.42392 curveto
2.61913 13.04181 1.84248 11.16734 1.84248 9.21259 curveto
1.84248 7.25783 2.61913 5.38336 4.00125 4.00125 curveto
5.38336 2.61913 7.25783 1.84248 9.21259 1.84248 curveto
11.16734 1.84248 13.04181 2.61913 14.42392 4.00125 curveto
15.80605 5.38336 16.58269 7.25783 16.58269 9.21259 curveto closepath stroke
newpath 16.58269 82.91327 moveto
16.58269 84.86803 15.80605 86.7425 14.42392 88.1246 curveto
13.04181 89.50673 11.16734 90.28337 9.21259 90.28337 curveto
7.25783 90.28337 5.38336 89.50673 4.00125 88.1246 curveto
2.61913 86.7425 1.84248 84.86803 1.84248 82.91327 curveto
1.84248 80.95851 2.61913 79.08405 4.00125 77.70193 curveto
5.38336 76.31981 7.25783 75.54317 9.21259 75.54317 curveto
11.16734 75.54317 13.04181 76.31981 14.42392 77.70193 curveto
15.80605 79.08405 16.58269 80.95851 16.58269 82.91327 curveto closepath stroke
 0.5 0 dtransform exch truncate exch idtransform pop setlinewidth
newpath 18.42517 0 moveto
18.42517 92.12585 lineto stroke
 0.3 0.3 0.3 setrgbcolor
newpath 35.00786 9.21259 moveto
35.00786 11.16734 34.23122 13.04181 32.84909 14.42392 curveto
31.46698 15.80605 29.59251 16.58269 27.63776 16.58269 curveto
25.683 16.58269 23.80853 15.80605 22.42642 14.42392 curveto
21.0443 13.04181 20.26765 11.16734 20.26765 9.21259 curveto
20.26765 7.25783 21.0443 5.38336 22.42642 4.00125 curveto
23.80853 2.61913 25.683 1.84248 27.63776 1.84248 curveto
29.59251 1.84248 31.46698 2.61913 32.84909 4.00125 curveto
34.23122 5.38336 35.00786 7.25783 35.00786 9.21259 curveto closepath fill
 0 0 0 setrgbcolor 0 0.5 dtransform truncate idtransform setlinewidth pop
newpath 35.00786 9.21259 moveto
35.00786 11.16734 34.23122 13.04181 32.84909 14.42392 curveto
31.46698 15.80605 29.59251 16.58269 27.63776 16.58269 curveto
25.683 16.58269 23.80853 15.80605 22.42642 14.42392 curveto
21.0443 13.04181 20.26765 11.16734 20.26765 9.21259 curveto
20.26765 7.25783 21.0443 5.38336 22.42642 4.00125 curveto
23.80853 2.61913 25.683 1.84248 27.63776 1.84248 curveto
29.59251 1.84248 31.46698 2.61913 32.84909 4.00125 curveto
34.23122 5.38336 35.00786 7.25783 35.00786 9.21259 curveto closepath stroke
newpath 35.00786 82.91327 moveto
35.00786 84.86803 34.23122 86.7425 32.84909 88.1246 curveto
31.46698 89.50673 29.59251 90.28337 27.63776 90.28337 curveto
25.683 90.28337 23.80853 89.50673 22.42642 88.1246 curveto
21.0443 86.7425 20.26765 84.86803 20.26765 82.91327 curveto
20.26765 80.95851 21.0443 79.08405 22.42642 77.70193 curveto
23.80853 76.31981 25.683 75.54317 27.63776 75.54317 curveto
29.59251 75.54317 31.46698 76.31981 32.84909 77.70193 curveto
34.23122 79.08405 35.00786 80.95851 35.00786 82.91327 curveto closepath stroke
 0.5 0 dtransform exch truncate exch idtransform pop setlinewidth
newpath 36.85034 0 moveto
36.85034 92.12585 lineto stroke
 0.3 0.3 0.3 setrgbcolor
newpath 53.43303 9.21259 moveto
53.43303 11.16734 52.65639 13.04181 51.27426 14.42392 curveto
49.89215 15.80605 48.01768 16.58269 46.06293 16.58269 curveto
44.10817 16.58269 42.2337 15.80605 40.8516 14.42392 curveto
39.46947 13.04181 38.69283 11.16734 38.69283 9.21259 curveto
38.69283 7.25783 39.46947 5.38336 40.8516 4.00125 curveto
42.2337 2.61913 44.10817 1.84248 46.06293 1.84248 curveto
48.01768 1.84248 49.89215 2.61913 51.27426 4.00125 curveto
52.65639 5.38336 53.43303 7.25783 53.43303 9.21259 curveto closepath fill
 0 0 0 setrgbcolor 0 0.5 dtransform truncate idtransform setlinewidth pop
newpath 53.43303 9.21259 moveto
53.43303 11.16734 52.65639 13.04181 51.27426 14.42392 curveto
49.89215 15.80605 48.01768 16.58269 46.06293 16.58269 curveto
44.10817 16.58269 42.2337 15.80605 40.8516 14.42392 curveto
39.46947 13.04181 38.69283 11.16734 38.69283 9.21259 curveto
38.69283 7.25783 39.46947 5.38336 40.8516 4.00125 curveto
42.2337 2.61913 44.10817 1.84248 46.06293 1.84248 curveto
48.01768 1.84248 49.89215 2.61913 51.27426 4.00125 curveto
52.65639 5.38336 53.43303 7.25783 53.43303 9.21259 curveto closepath stroke
newpath 53.43303 82.91327 moveto
53.43303 84.86803 52.65639 86.7425 51.27426 88.1246 curveto
49.89215 89.50673 48.01768 90.28337 46.06293 90.28337 curveto
44.10817 90.28337 42.2337 89.50673 40.8516 88.1246 curveto
39.46947 86.7425 38.69283 84.86803 38.69283 82.91327 curveto
38.69283 80.95851 39.46947 79.08405 40.8516 77.70193 curveto
42.2337 76.31981 44.10817 75.54317 46.06293 75.54317 curveto
48.01768 75.54317 49.89215 76.31981 51.27426 77.70193 curveto
52.65639 79.08405 53.43303 80.95851 53.43303 82.91327 curveto closepath stroke
 0.5 0 dtransform exch truncate exch idtransform pop setlinewidth
newpath 55.27551 0 moveto
55.27551 92.12585 lineto stroke
 0.3 0.3 0.3 setrgbcolor
newpath 71.8582 9.21259 moveto
71.8582 11.16734 71.08156 13.04181 69.69943 14.42392 curveto
68.31732 15.80605 66.44286 16.58269 64.4881 16.58269 curveto
62.53334 16.58269 60.65887 15.80605 59.27676 14.42392 curveto
57.89464 13.04181 57.118 11.16734 57.118 9.21259 curveto
57.118 7.25783 57.89464 5.38336 59.27676 4.00125 curveto
60.65887 2.61913 62.53334 1.84248 64.4881 1.84248 curveto
66.44286 1.84248 68.31732 2.61913 69.69943 4.00125 curveto
71.08156 5.38336 71.8582 7.25783 71.8582 9.21259 curveto closepath fill
 0 0 0 setrgbcolor 0 0.5 dtransform truncate idtransform setlinewidth pop
newpath 71.8582 9.21259 moveto
71.8582 11.16734 71.08156 13.04181 69.69943 14.42392 curveto
68.31732 15.80605 66.44286 16.58269 64.4881 16.58269 curveto
62.53334 16.58269 60.65887 15.80605 59.27676 14.42392 curveto
57.89464 13.04181 57.118 11.16734 57.118 9.21259 curveto
57.118 7.25783 57.89464 5.38336 59.27676 4.00125 curveto
60.65887 2.61913 62.53334 1.84248 64.4881 1.84248 curveto
66.44286 1.84248 68.31732 2.61913 69.69943 4.00125 curveto
71.08156 5.38336 71.8582 7.25783 71.8582 9.21259 curveto closepath stroke
newpath 71.8582 82.91327 moveto
71.8582 84.86803 71.08156 86.7425 69.69943 88.1246 curveto
68.31732 89.50673 66.44286 90.28337 64.4881 90.28337 curveto
62.53334 90.28337 60.65887 89.50673 59.27676 88.1246 curveto
57.89464 86.7425 57.118 84.86803 57.118 82.91327 curveto
57.118 80.95851 57.89464 79.08405 59.27676 77.70193 curveto
60.65887 76.31981 62.53334 75.54317 64.4881 75.54317 curveto
66.44286 75.54317 68.31732 76.31981 69.69943 77.70193 curveto
71.08156 79.08405 71.8582 80.95851 71.8582 82.91327 curveto closepath stroke
 0.5 0 dtransform exch truncate exch idtransform pop setlinewidth
newpath 73.70068 0 moveto
73.70068 92.12585 lineto stroke
 0.3 0.3 0.3 setrgbcolor
newpath 90.28337 9.21259 moveto
90.28337 11.16734 89.50673 13.04181 88.1246 14.42392 curveto
86.7425 15.80605 84.86803 16.58269 82.91327 16.58269 curveto
80.95851 16.58269 79.08405 15.80605 77.70193 14.42392 curveto
76.31981 13.04181 75.54317 11.16734 75.54317 9.21259 curveto
75.54317 7.25783 76.31981 5.38336 77.70193 4.00125 curveto
79.08405 2.61913 80.95851 1.84248 82.91327 1.84248 curveto
84.86803 1.84248 86.7425 2.61913 88.1246 4.00125 curveto
89.50673 5.38336 90.28337 7.25783 90.28337 9.21259 curveto closepath fill
 0 0 0 setrgbcolor 0 0.5 dtransform truncate idtransform setlinewidth pop
newpath 90.28337 9.21259 moveto
90.28337 11.16734 89.50673 13.04181 88.1246 14.42392 curveto
86.7425 15.80605 84.86803 16.58269 82.91327 16.58269 curveto
80.95851 16.58269 79.08405 15.80605 77.70193 14.42392 curveto
76.31981 13.04181 75.54317 11.16734 75.54317 9.21259 curveto
75.54317 7.25783 76.31981 5.38336 77.70193 4.00125 curveto
79.08405 2.61913 80.95851 1.84248 82.91327 1.84248 curveto
84.86803 1.84248 86.7425 2.61913 88.1246 4.00125 curveto
89.50673 5.38336 90.28337 7.25783 90.28337 9.21259 curveto closepath stroke
newpath 90.28337 82.91327 moveto
90.28337 84.86803 89.50673 86.7425 88.1246 88.1246 curveto
86.7425 89.50673 84.86803 90.28337 82.91327 90.28337 curveto
80.95851 90.28337 79.08405 89.50673 77.70193 88.1246 curveto
76.31981 86.7425 75.54317 84.86803 75.54317 82.91327 curveto
75.54317 80.95851 76.31981 79.08405 77.70193 77.70193 curveto
79.08405 76.31981 80.95851 75.54317 82.91327 75.54317 curveto
84.86803 75.54317 86.7425 76.31981 88.1246 77.70193 curveto
89.50673 79.08405 90.28337 80.95851 90.28337 82.91327 curveto closepath stroke
 0.5 0 dtransform exch truncate exch idtransform pop setlinewidth
newpath 92.12585 0 moveto
92.12585 92.12585 lineto stroke
 0.3 0.3 0.3 setrgbcolor
newpath 108.70854 9.21259 moveto
108.70854 11.16734 107.9319 13.04181 106.54977 14.42392 curveto
105.16766 15.80605 103.2932 16.58269 101.33844 16.58269 curveto
99.38368 16.58269 97.50922 15.80605 96.1271 14.42392 curveto
94.74498 13.04181 93.96834 11.16734 93.96834 9.21259 curveto
93.96834 7.25783 94.74498 5.38336 96.1271 4.00125 curveto
97.50922 2.61913 99.38368 1.84248 101.33844 1.84248 curveto
103.2932 1.84248 105.16766 2.61913 106.54977 4.00125 curveto
107.9319 5.38336 108.70854 7.25783 108.70854 9.21259 curveto closepath fill
 0 0 0 setrgbcolor 0 0.5 dtransform truncate idtransform setlinewidth pop
newpath 108.70854 9.21259 moveto
108.70854 11.16734 107.9319 13.04181 106.54977 14.42392 curveto
105.16766 15.80605 103.2932 16.58269 101.33844 16.58269 curveto
99.38368 16.58269 97.50922 15.80605 96.1271 14.42392 curveto
94.74498 13.04181 93.96834 11.16734 93.96834 9.21259 curveto
93.96834 7.25783 94.74498 5.38336 96.1271 4.00125 curveto
97.50922 2.61913 99.38368 1.84248 101.33844 1.84248 curveto
103.2932 1.84248 105.16766 2.61913 106.54977 4.00125 curveto
107.9319 5.38336 108.70854 7.25783 108.70854 9.21259 curveto closepath stroke
newpath 108.70854 82.91327 moveto
108.70854 84.86803 107.9319 86.7425 106.54977 88.1246 curveto
105.16766 89.50673 103.2932 90.28337 101.33844 90.28337 curveto
99.38368 90.28337 97.50922 89.50673 96.1271 88.1246 curveto
94.74498 86.7425 93.96834 84.86803 93.96834 82.91327 curveto
93.96834 80.95851 94.74498 79.08405 96.1271 77.70193 curveto
97.50922 76.31981 99.38368 75.54317 101.33844 75.54317 curveto
103.2932 75.54317 105.16766 76.31981 106.54977 77.70193 curveto
107.9319 79.08405 108.70854 80.95851 108.70854 82.91327 curveto closepath stroke
 0.5 0 dtransform exch truncate exch idtransform pop setlinewidth
newpath 110.55103 0 moveto
110.55103 92.12585 lineto stroke
 0.3 0.3 0.3 setrgbcolor
newpath 127.13371 9.21259 moveto
127.13371 11.16734 126.35707 13.04181 124.97495 14.42392 curveto
123.59283 15.80605 121.71837 16.58269 119.76361 16.58269 curveto
117.80885 16.58269 115.93439 15.80605 114.55228 14.42392 curveto
113.17015 13.04181 112.39351 11.16734 112.39351 9.21259 curveto
112.39351 7.25783 113.17015 5.38336 114.55228 4.00125 curveto
115.93439 2.61913 117.80885 1.84248 119.76361 1.84248 curveto
121.71837 1.84248 123.59283 2.61913 124.97495 4.00125 curveto
126.35707 5.38336 127.13371 7.25783 127.13371 9.21259 curveto closepath fill
 0 0 0 setrgbcolor 0 0.5 dtransform truncate idtransform setlinewidth pop
newpath 127.13371 9.21259 moveto
127.13371 11.16734 126.35707 13.04181 124.97495 14.42392 curveto
123.59283 15.80605 121.71837 16.58269 119.76361 16.58269 curveto
117.80885 16.58269 115.93439 15.80605 114.55228 14.42392 curveto
113.17015 13.04181 112.39351 11.16734 112.39351 9.21259 curveto
112.39351 7.25783 113.17015 5.38336 114.55228 4.00125 curveto
115.93439 2.61913 117.80885 1.84248 119.76361 1.84248 curveto
121.71837 1.84248 123.59283 2.61913 124.97495 4.00125 curveto
126.35707 5.38336 127.13371 7.25783 127.13371 9.21259 curveto closepath stroke
newpath 127.13371 82.91327 moveto
127.13371 84.86803 126.35707 86.7425 124.97495 88.1246 curveto
123.59283 89.50673 121.71837 90.28337 119.76361 90.28337 curveto
117.80885 90.28337 115.93439 89.50673 114.55228 88.1246 curveto
113.17015 86.7425 112.39351 84.86803 112.39351 82.91327 curveto
112.39351 80.95851 113.17015 79.08405 114.55228 77.70193 curveto
115.93439 76.31981 117.80885 75.54317 119.76361 75.54317 curveto
121.71837 75.54317 123.59283 76.31981 124.97495 77.70193 curveto
126.35707 79.08405 127.13371 80.95851 127.13371 82.91327 curveto closepath stroke
 0.5 0 dtransform exch truncate exch idtransform pop setlinewidth
newpath 128.9762 0 moveto
128.9762 92.12585 lineto stroke
 0.3 0.3 0.3 setrgbcolor
newpath 145.55888 9.21259 moveto
145.55888 11.16734 144.78224 13.04181 143.40012 14.42392 curveto
142.018 15.80605 140.14354 16.58269 138.18878 16.58269 curveto
136.23402 16.58269 134.35956 15.80605 132.97745 14.42392 curveto
131.59532 13.04181 130.81868 11.16734 130.81868 9.21259 curveto
130.81868 7.25783 131.59532 5.38336 132.97745 4.00125 curveto
134.35956 2.61913 136.23402 1.84248 138.18878 1.84248 curveto
140.14354 1.84248 142.018 2.61913 143.40012 4.00125 curveto
144.78224 5.38336 145.55888 7.25783 145.55888 9.21259 curveto closepath fill
 0 0 0 setrgbcolor 0 0.5 dtransform truncate idtransform setlinewidth pop
newpath 145.55888 9.21259 moveto
145.55888 11.16734 144.78224 13.04181 143.40012 14.42392 curveto
142.018 15.80605 140.14354 16.58269 138.18878 16.58269 curveto
136.23402 16.58269 134.35956 15.80605 132.97745 14.42392 curveto
131.59532 13.04181 130.81868 11.16734 130.81868 9.21259 curveto
130.81868 7.25783 131.59532 5.38336 132.97745 4.00125 curveto
134.35956 2.61913 136.23402 1.84248 138.18878 1.84248 curveto
140.14354 1.84248 142.018 2.61913 143.40012 4.00125 curveto
144.78224 5.38336 145.55888 7.25783 145.55888 9.21259 curveto closepath stroke
newpath 145.55888 82.91327 moveto
145.55888 84.86803 144.78224 86.7425 143.40012 88.1246 curveto
142.018 89.50673 140.14354 90.28337 138.18878 90.28337 curveto
136.23402 90.28337 134.35956 89.50673 132.97745 88.1246 curveto
131.59532 86.7425 130.81868 84.86803 130.81868 82.91327 curveto
130.81868 80.95851 131.59532 79.08405 132.97745 77.70193 curveto
134.35956 76.31981 136.23402 75.54317 138.18878 75.54317 curveto
140.14354 75.54317 142.018 76.31981 143.40012 77.70193 curveto
144.78224 79.08405 145.55888 80.95851 145.55888 82.91327 curveto closepath stroke
 0.5 0 dtransform exch truncate exch idtransform pop setlinewidth
newpath 147.40137 0 moveto
147.40137 92.12585 lineto stroke
 0 0.5 dtransform truncate idtransform setlinewidth pop
newpath 0 0 moveto
147.40137 0 lineto stroke
newpath 0 18.42517 moveto
147.40137 18.42517 lineto stroke
newpath 0 36.85034 moveto
147.40137 36.85034 lineto stroke
newpath 0 55.27551 moveto
147.40137 55.27551 lineto stroke
newpath 0 73.70068 moveto
147.40137 73.70068 lineto stroke
newpath 0 92.12585 moveto
147.40137 92.12585 lineto stroke
showpage
%%EOF
