%!PS
%%BoundingBox: -126 -57 212 125 
%%HiResBoundingBox: -125.14569 -56.94292 211.83055 124.86584 
%%Creator: MetaPost 2.000
%%CreationDate: 2022.09.01:1431
%%Pages: 1
%*Font: lmmi12 11.95517 11.95517 41:e08801
%*Font: cs-lmr12 9.56416 11.95517 2b:8502
%*Font: lmsy8 6.69498 7.97011 0e:8
%*Font: lmmi8 6.69498 7.97011 0b:8
%*Font: cs-lmr8 6.69498 7.97011 32:8
%*Font: lmmi12 9.56416 11.95517 0b:8000000000000000000000008
%%BeginProlog
%%EndProlog
%%Page: 1 1
 0 0 0 setrgbcolor
newpath 3.63199 3.18199 moveto
3.63199 3.30135 3.58456 3.41579 3.50018 3.50018 curveto
3.41579 3.58456 3.30135 3.63199 3.18199 3.63199 curveto
3.06264 3.63199 2.9482 3.58456 2.8638 3.50018 curveto
2.77942 3.41579 2.732 3.30135 2.732 3.18199 curveto
2.732 3.06264 2.77942 2.9482 2.8638 2.8638 curveto
2.9482 2.77942 3.06264 2.732 3.18199 2.732 curveto
3.30135 2.732 3.41579 2.77942 3.50018 2.8638 curveto
3.58456 2.9482 3.63199 3.06264 3.63199 3.18199 curveto closepath fill
 0 0.5 dtransform truncate idtransform setlinewidth pop [] 0 setdash
 1 setlinecap 1 setlinejoin 10 setmiterlimit
newpath 9 0 moveto
9 4.97057 4.97057 9 0 9 curveto stroke
newpath 23.82425 23.82423 moveto
37.43254 10.21594 60.66913 16.44215 65.65012 35.03143 curveto stroke
newpath 0 99.3858 moveto
5.00172 99.3858 9.62354 102.05417 12.12439 106.3858 curveto stroke
newpath 85.20485 49.1929 moveto
90.97836 39.19286 105.41217 39.19286 111.18568 49.1929 curveto stroke
 0 0.5 0 setrgbcolor
newpath 80.80858 52.03415 moveto
81.21571 50.51471 81.82025 49.05519 82.60677 47.6929 curveto stroke
newpath 79.35968 51.64592 moveto
79.80074 49.99986 80.45566 48.41872 81.30772 46.9429 curveto stroke
newpath 179.00383 4.65875 moveto
178.5967 3.13931 178.39052 1.57304 178.39052 0 curveto stroke
newpath 177.55493 5.04698 moveto
177.11388 3.40092 176.89052 1.70413 176.89052 0 curveto stroke
newpath 211.58055 -56.69292 moveto
211.58055 -26.61983 199.63228 2.21796 178.369 23.48123 curveto
157.10573 44.7445 128.26794 56.69278 98.19485 56.69278 curveto
68.12177 56.69278 39.28398 44.7445 18.0207 23.48123 curveto
-3.24257 2.21796 -15.19084 -26.61983 -15.19084 -56.69292 curveto stroke
 0 0 1 setrgbcolor
newpath -113.3906 -0.00067 moveto
0 0 lineto stroke
 [6 2 ] 3 setdash
newpath 0 0 moveto
46.1519 26.64574 lineto stroke
newpath 58.91776 34.01608 moveto
98.19527 56.6929 lineto stroke
 0 0 0 setrgbcolor [0 1.79999 ] 0.9 setdash
newpath 7.40431 124.61584 moveto
4.72949 121.0404 2.25519 117.2924 -0.00021 113.38593 curveto
-15.0368 87.34172 -19.10818 56.39316 -11.3252 27.34685 curveto
-3.54222 -1.69948 15.45804 -26.46599 41.50224 -41.50258 curveto
67.54645 -56.53917 98.49501 -60.61055 127.54132 -52.82756 curveto
156.58765 -45.04459 181.35416 -26.04433 196.39075 -0.00012 curveto
198.64615 3.90636 200.65485 7.92317 202.41385 12.02734 curveto stroke
 0 1 dtransform truncate idtransform setlinewidth pop [] 0 setdash
newpath 0 113.3858 moveto
196.39052 0 lineto
0 0 lineto
0 113.3858 lineto stroke
 0 0.5 dtransform truncate idtransform setlinewidth pop
newpath -113.3906 -0.00067 moveto
98.19527 56.6929 lineto stroke
 [6 2 ] 3 setdash
newpath 196.39052 0 moveto
41.50194 41.50192 lineto
0 0 lineto stroke
 1 1 1 setrgbcolor
newpath 1.2 113.3858 moveto
1.2 113.70407 1.07355 114.00928 0.84851 114.23431 curveto
0.62347 114.45935 0.31827 114.5858 0 114.5858 curveto
-0.31827 114.5858 -0.62347 114.45935 -0.84851 114.23431 curveto
-1.07355 114.00928 -1.2 113.70407 -1.2 113.3858 curveto
-1.2 113.06754 -1.07355 112.76233 -0.84851 112.5373 curveto
-0.62347 112.31226 -0.31827 112.1858 0 112.1858 curveto
0.31827 112.1858 0.62347 112.31226 0.84851 112.5373 curveto
1.07355 112.76233 1.2 113.06754 1.2 113.3858 curveto closepath fill
 0 0 0 setrgbcolor [] 0 setdash
newpath 1.2 113.3858 moveto
1.2 113.70407 1.07355 114.00928 0.84851 114.23431 curveto
0.62347 114.45935 0.31827 114.5858 0 114.5858 curveto
-0.31827 114.5858 -0.62347 114.45935 -0.84851 114.23431 curveto
-1.07355 114.00928 -1.2 113.70407 -1.2 113.3858 curveto
-1.2 113.06754 -1.07355 112.76233 -0.84851 112.5373 curveto
-0.62347 112.31226 -0.31827 112.1858 0 112.1858 curveto
0.31827 112.1858 0.62347 112.31226 0.84851 112.5373 curveto
1.07355 112.76233 1.2 113.06754 1.2 113.3858 curveto closepath stroke
 1 1 1 setrgbcolor
newpath 1.2 0 moveto
1.2 0.31827 1.07355 0.62347 0.84851 0.84851 curveto
0.62347 1.07355 0.31827 1.2 0 1.2 curveto
-0.31827 1.2 -0.62347 1.07355 -0.84851 0.84851 curveto
-1.07355 0.62347 -1.2 0.31827 -1.2 0 curveto
-1.2 -0.31827 -1.07355 -0.62347 -0.84851 -0.84851 curveto
-0.62347 -1.07355 -0.31827 -1.2 0 -1.2 curveto
0.31827 -1.2 0.62347 -1.07355 0.84851 -0.84851 curveto
1.07355 -0.62347 1.2 -0.31827 1.2 0 curveto closepath fill
 0 0 0 setrgbcolor
newpath 1.2 0 moveto
1.2 0.31827 1.07355 0.62347 0.84851 0.84851 curveto
0.62347 1.07355 0.31827 1.2 0 1.2 curveto
-0.31827 1.2 -0.62347 1.07355 -0.84851 0.84851 curveto
-1.07355 0.62347 -1.2 0.31827 -1.2 0 curveto
-1.2 -0.31827 -1.07355 -0.62347 -0.84851 -0.84851 curveto
-0.62347 -1.07355 -0.31827 -1.2 0 -1.2 curveto
0.31827 -1.2 0.62347 -1.07355 0.84851 -0.84851 curveto
1.07355 -0.62347 1.2 -0.31827 1.2 0 curveto closepath stroke
 1 1 1 setrgbcolor
newpath 197.59052 0 moveto
197.59052 0.31827 197.46407 0.62347 197.23903 0.84851 curveto
197.01399 1.07355 196.70879 1.2 196.39052 1.2 curveto
196.07225 1.2 195.76704 1.07355 195.542 0.84851 curveto
195.31697 0.62347 195.19052 0.31827 195.19052 0 curveto
195.19052 -0.31827 195.31697 -0.62347 195.542 -0.84851 curveto
195.76704 -1.07355 196.07225 -1.2 196.39052 -1.2 curveto
196.70879 -1.2 197.01399 -1.07355 197.23903 -0.84851 curveto
197.46407 -0.62347 197.59052 -0.31827 197.59052 0 curveto closepath fill
 0 0 0 setrgbcolor
newpath 197.59052 0 moveto
197.59052 0.31827 197.46407 0.62347 197.23903 0.84851 curveto
197.01399 1.07355 196.70879 1.2 196.39052 1.2 curveto
196.07225 1.2 195.76704 1.07355 195.542 0.84851 curveto
195.31697 0.62347 195.19052 0.31827 195.19052 0 curveto
195.19052 -0.31827 195.31697 -0.62347 195.542 -0.84851 curveto
195.76704 -1.07355 196.07225 -1.2 196.39052 -1.2 curveto
196.70879 -1.2 197.01399 -1.07355 197.23903 -0.84851 curveto
197.46407 -0.62347 197.59052 -0.31827 197.59052 0 curveto closepath stroke
 1 1 1 setrgbcolor
newpath 42.70193 41.50192 moveto
42.70193 41.82019 42.57549 42.1254 42.35045 42.35043 curveto
42.12541 42.57547 41.8202 42.70192 41.50194 42.70192 curveto
41.18367 42.70192 40.87846 42.57547 40.65343 42.35043 curveto
40.42839 42.1254 40.30194 41.82019 40.30194 41.50192 curveto
40.30194 41.18365 40.42839 40.87845 40.65343 40.65341 curveto
40.87846 40.42838 41.18367 40.30193 41.50194 40.30193 curveto
41.8202 40.30193 42.12541 40.42838 42.35045 40.65341 curveto
42.57549 40.87845 42.70193 41.18365 42.70193 41.50192 curveto closepath fill
 0 0 0 setrgbcolor
newpath 42.70193 41.50192 moveto
42.70193 41.82019 42.57549 42.1254 42.35045 42.35043 curveto
42.12541 42.57547 41.8202 42.70192 41.50194 42.70192 curveto
41.18367 42.70192 40.87846 42.57547 40.65343 42.35043 curveto
40.42839 42.1254 40.30194 41.82019 40.30194 41.50192 curveto
40.30194 41.18365 40.42839 40.87845 40.65343 40.65341 curveto
40.87846 40.42838 41.18367 40.30193 41.50194 40.30193 curveto
41.8202 40.30193 42.12541 40.42838 42.35045 40.65341 curveto
42.57549 40.87845 42.70193 41.18365 42.70193 41.50192 curveto closepath stroke
 1 1 1 setrgbcolor
newpath 99.39526 56.6929 moveto
99.39526 57.01117 99.26881 57.31638 99.04378 57.54141 curveto
98.81874 57.76645 98.51353 57.8929 98.19527 57.8929 curveto
97.877 57.8929 97.5718 57.76645 97.34676 57.54141 curveto
97.12172 57.31638 96.99527 57.01117 96.99527 56.6929 curveto
96.99527 56.37463 97.12172 56.06943 97.34676 55.84439 curveto
97.5718 55.61935 97.877 55.4929 98.19527 55.4929 curveto
98.51353 55.4929 98.81874 55.61935 99.04378 55.84439 curveto
99.26881 56.06943 99.39526 56.37463 99.39526 56.6929 curveto closepath fill
 0 0 0 setrgbcolor
newpath 99.39526 56.6929 moveto
99.39526 57.01117 99.26881 57.31638 99.04378 57.54141 curveto
98.81874 57.76645 98.51353 57.8929 98.19527 57.8929 curveto
97.877 57.8929 97.5718 57.76645 97.34676 57.54141 curveto
97.12172 57.31638 96.99527 57.01117 96.99527 56.6929 curveto
96.99527 56.37463 97.12172 56.06943 97.34676 55.84439 curveto
97.5718 55.61935 97.877 55.4929 98.19527 55.4929 curveto
98.51353 55.4929 98.81874 55.61935 99.04378 55.84439 curveto
99.26881 56.06943 99.39526 56.37463 99.39526 56.6929 curveto closepath stroke
 1 1 1 setrgbcolor
newpath -112.1906 -0.00067 moveto
-112.1906 0.3176 -112.31705 0.6228 -112.54208 0.84784 curveto
-112.76712 1.07288 -113.07233 1.19933 -113.3906 1.19933 curveto
-113.70886 1.19933 -114.01407 1.07288 -114.2391 0.84784 curveto
-114.46414 0.6228 -114.59059 0.3176 -114.59059 -0.00067 curveto
-114.59059 -0.31894 -114.46414 -0.62415 -114.2391 -0.84918 curveto
-114.01407 -1.07422 -113.70886 -1.20067 -113.3906 -1.20067 curveto
-113.07233 -1.20067 -112.76712 -1.07422 -112.54208 -0.84918 curveto
-112.31705 -0.62415 -112.1906 -0.31894 -112.1906 -0.00067 curveto closepath fill
 0 0 0 setrgbcolor
newpath -112.1906 -0.00067 moveto
-112.1906 0.3176 -112.31705 0.6228 -112.54208 0.84784 curveto
-112.76712 1.07288 -113.07233 1.19933 -113.3906 1.19933 curveto
-113.70886 1.19933 -114.01407 1.07288 -114.2391 0.84784 curveto
-114.46414 0.6228 -114.59059 0.3176 -114.59059 -0.00067 curveto
-114.59059 -0.31894 -114.46414 -0.62415 -114.2391 -0.84918 curveto
-114.01407 -1.07422 -113.70886 -1.20067 -113.3906 -1.20067 curveto
-113.07233 -1.20067 -112.76712 -1.07422 -112.54208 -0.84918 curveto
-112.31705 -0.62415 -112.1906 -0.31894 -112.1906 -0.00067 curveto closepath stroke
-10.87529 115.4858 moveto
(A) lmmi12 11.95517 fshow
-14.58499 2.09999 moveto
(B) lmmi12 11.95517 fshow
199.39052 -4.0847 moveto
(C) lmmi12 11.95517 fshow
-125.14569 2.09932 moveto
(X) lmmi12 11.95517 fshow
37.45053 45.50192 moveto
(I) lmmi12 11.95517 fshow
92.90846 60.6929 moveto
(M) lmmi12 11.95517 fshow
1.9913 103.32683 moveto
(\013) lmmi12 9.56416 fshow
92.84532 45.68149 moveto
(2) cs-lmr12 9.56416 fshow
97.52774 45.68149 moveto
(\013) lmmi12 9.56416 fshow
32.72804 26.82684 moveto
(90) cs-lmr12 9.56416 fshow
42.09296 30.29758 moveto
(\016) lmsy8 6.69498 fshow
46.12785 26.82684 moveto
(+) cs-lmr12 9.56416 fshow
54.5595 30.59254 moveto
(\013) lmmi8 6.69498 fshow
 0 0.38255 dtransform truncate idtransform setlinewidth pop 0 setlinecap
newpath 54.5595 29.2179 moveto
59.12814 29.2179 lineto stroke
55.06549 23.52875 moveto
(2) cs-lmr8 6.69498 fshow
 0 0.5 0 setrgbcolor
150.69708 45.02556 moveto
(k) lmmi12 9.56416 fshow
showpage
%%EOF
