%!PS
%%BoundingBox: -39 -12 125 121 
%%HiResBoundingBox: -38.02756 -11.1694 124.71939 120.5002 
%%Creator: MetaPost 2.00
%%CreationDate: 2022.09.01:1950
%%Pages: 1
%*Font: lmmi12 11.95517 11.95517 0b:e0000000000003e004
%%BeginProlog
%%EndProlog
%%Page: 1 1
 1 0 0 setrgbcolor 0 0.5 dtransform truncate idtransform setlinewidth pop
 [] 0 setdash 0 setlinecap 1 setlinejoin 10 setmiterlimit
newpath -5.78212 49.49269 moveto
-0.67569 53.59886 0.8996 60.6976 -1.99074 66.57826 curveto stroke
newpath -1.09328 67.01936 moveto
-4.19022 73.32036 -11.24341 76.63026 -18.06898 74.9856 curveto stroke
 0 0 1 setrgbcolor
newpath 52.01608 0 moveto
52.01608 6.92754 48.04062 13.24037 41.79303 16.2334 curveto stroke
newpath 42.22508 17.13525 moveto
35.63054 20.2945 27.80821 19.38887 22.10977 14.80664 curveto stroke
 0 0.5 0 setrgbcolor
newpath -23.04758 95.64806 moveto
-16.30965 97.27159 -11.56137 103.30002 -11.56137 110.2308 curveto stroke
newpath 109.87201 14.58252 moveto
103.13414 12.95897 98.3858 6.9307 98.3858 0 curveto stroke
 0 0 0 setrgbcolor 0 1 dtransform truncate idtransform setlinewidth pop
newpath -14.55519 60.40285 moveto
34.01608 0 lineto
113.3858 0 lineto
86.82442 110.2308 lineto
-26.56137 110.2308 lineto
 closepath stroke
 0 0.5 dtransform truncate idtransform setlinewidth pop
 [0 1.5 3 1.5 ] 2 setdash
newpath -14.55519 60.40285 moveto
86.82442 110.2308 lineto stroke
newpath 34.01608 0 moveto
86.82442 110.2308 lineto stroke
 0 0.5 0 setrgbcolor [] 0 setdash
newpath 86.82442 110.2308 moveto
-20.33963 84.40947 lineto stroke
newpath 86.82442 110.2308 moveto
0.92242 41.15504 lineto stroke
 0.5 0 dtransform exch truncate exch idtransform pop setlinewidth
newpath 86.82442 110.2308 moveto
86.82442 0 lineto stroke
newpath -16.47728 82.32231 moveto
-16.47728 82.44167 -16.5247 82.5561 -16.60909 82.6405 curveto
-16.69348 82.72488 -16.80792 82.77231 -16.92728 82.77231 curveto
-17.04663 82.77231 -17.16107 82.72488 -17.24547 82.6405 curveto
-17.32985 82.5561 -17.37727 82.44167 -17.37727 82.32231 curveto
-17.37727 82.20296 -17.32985 82.08852 -17.24547 82.00412 curveto
-17.16107 81.91974 -17.04663 81.87231 -16.92728 81.87231 curveto
-16.80792 81.87231 -16.69348 81.91974 -16.60909 82.00412 curveto
-16.5247 82.08852 -16.47728 82.20296 -16.47728 82.32231 curveto closepath fill
 0 0.5 dtransform truncate idtransform setlinewidth pop
newpath -18.4656 76.632 moveto
-14.17023 77.66699 -11.52718 81.98811 -12.56216 86.2835 curveto stroke
newpath 5.34898 40.72328 moveto
5.34898 40.84264 5.30156 40.95708 5.21718 41.04147 curveto
5.13278 41.12585 5.01834 41.17328 4.89899 41.17328 curveto
4.77963 41.17328 4.66519 41.12585 4.5808 41.04147 curveto
4.49641 40.95708 4.44899 40.84264 4.44899 40.72328 curveto
4.44899 40.60393 4.49641 40.48949 4.5808 40.40509 curveto
4.66519 40.32071 4.77963 40.27328 4.89899 40.27328 curveto
5.01834 40.27328 5.13278 40.32071 5.21718 40.40509 curveto
5.30156 40.48949 5.34898 40.60393 5.34898 40.72328 curveto closepath fill
newpath 5.93561 34.92067 moveto
9.37875 37.68938 9.9255 42.72508 7.1568 46.16823 curveto stroke
newpath 84.44598 2.82843 moveto
84.44598 2.94778 84.39856 3.06223 84.31418 3.14662 curveto
84.22978 3.231 84.11534 3.27843 83.99599 3.27843 curveto
83.87663 3.27843 83.76219 3.231 83.6778 3.14662 curveto
83.59341 3.06223 83.54599 2.94778 83.54599 2.82843 curveto
83.54599 2.70908 83.59341 2.59464 83.6778 2.51024 curveto
83.76219 2.42586 83.87663 2.37843 83.99599 2.37843 curveto
84.11534 2.37843 84.22978 2.42586 84.31418 2.51024 curveto
84.39856 2.59464 84.44598 2.70908 84.44598 2.82843 curveto closepath fill
newpath 86.82442 8 moveto
82.40613 8 78.82442 4.41829 78.82442 0 curveto stroke
 1 1 1 setrgbcolor
newpath -13.3552 60.40285 moveto
-13.3552 60.72112 -13.48164 61.02632 -13.70668 61.25136 curveto
-13.93172 61.4764 -14.23692 61.60284 -14.55519 61.60284 curveto
-14.87346 61.60284 -15.17867 61.4764 -15.4037 61.25136 curveto
-15.62874 61.02632 -15.75519 60.72112 -15.75519 60.40285 curveto
-15.75519 60.08458 -15.62874 59.77937 -15.4037 59.55434 curveto
-15.17867 59.3293 -14.87346 59.20285 -14.55519 59.20285 curveto
-14.23692 59.20285 -13.93172 59.3293 -13.70668 59.55434 curveto
-13.48164 59.77937 -13.3552 60.08458 -13.3552 60.40285 curveto closepath fill
 0 0 0 setrgbcolor
newpath -13.3552 60.40285 moveto
-13.3552 60.72112 -13.48164 61.02632 -13.70668 61.25136 curveto
-13.93172 61.4764 -14.23692 61.60284 -14.55519 61.60284 curveto
-14.87346 61.60284 -15.17867 61.4764 -15.4037 61.25136 curveto
-15.62874 61.02632 -15.75519 60.72112 -15.75519 60.40285 curveto
-15.75519 60.08458 -15.62874 59.77937 -15.4037 59.55434 curveto
-15.17867 59.3293 -14.87346 59.20285 -14.55519 59.20285 curveto
-14.23692 59.20285 -13.93172 59.3293 -13.70668 59.55434 curveto
-13.48164 59.77937 -13.3552 60.08458 -13.3552 60.40285 curveto closepath stroke
 1 1 1 setrgbcolor
newpath 35.21608 0 moveto
35.21608 0.31827 35.08963 0.62347 34.8646 0.84851 curveto
34.63956 1.07355 34.33435 1.2 34.01608 1.2 curveto
33.69781 1.2 33.39261 1.07355 33.16757 0.84851 curveto
32.94254 0.62347 32.81609 0.31827 32.81609 0 curveto
32.81609 -0.31827 32.94254 -0.62347 33.16757 -0.84851 curveto
33.39261 -1.07355 33.69781 -1.2 34.01608 -1.2 curveto
34.33435 -1.2 34.63956 -1.07355 34.8646 -0.84851 curveto
35.08963 -0.62347 35.21608 -0.31827 35.21608 0 curveto closepath fill
 0 0 0 setrgbcolor
newpath 35.21608 0 moveto
35.21608 0.31827 35.08963 0.62347 34.8646 0.84851 curveto
34.63956 1.07355 34.33435 1.2 34.01608 1.2 curveto
33.69781 1.2 33.39261 1.07355 33.16757 0.84851 curveto
32.94254 0.62347 32.81609 0.31827 32.81609 0 curveto
32.81609 -0.31827 32.94254 -0.62347 33.16757 -0.84851 curveto
33.39261 -1.07355 33.69781 -1.2 34.01608 -1.2 curveto
34.33435 -1.2 34.63956 -1.07355 34.8646 -0.84851 curveto
35.08963 -0.62347 35.21608 -0.31827 35.21608 0 curveto closepath stroke
 1 1 1 setrgbcolor
newpath 114.5858 0 moveto
114.5858 0.31827 114.45935 0.62347 114.23431 0.84851 curveto
114.00928 1.07355 113.70407 1.2 113.3858 1.2 curveto
113.06754 1.2 112.76233 1.07355 112.5373 0.84851 curveto
112.31226 0.62347 112.1858 0.31827 112.1858 0 curveto
112.1858 -0.31827 112.31226 -0.62347 112.5373 -0.84851 curveto
112.76233 -1.07355 113.06754 -1.2 113.3858 -1.2 curveto
113.70407 -1.2 114.00928 -1.07355 114.23431 -0.84851 curveto
114.45935 -0.62347 114.5858 -0.31827 114.5858 0 curveto closepath fill
 0 0 0 setrgbcolor
newpath 114.5858 0 moveto
114.5858 0.31827 114.45935 0.62347 114.23431 0.84851 curveto
114.00928 1.07355 113.70407 1.2 113.3858 1.2 curveto
113.06754 1.2 112.76233 1.07355 112.5373 0.84851 curveto
112.31226 0.62347 112.1858 0.31827 112.1858 0 curveto
112.1858 -0.31827 112.31226 -0.62347 112.5373 -0.84851 curveto
112.76233 -1.07355 113.06754 -1.2 113.3858 -1.2 curveto
113.70407 -1.2 114.00928 -1.07355 114.23431 -0.84851 curveto
114.45935 -0.62347 114.5858 -0.31827 114.5858 0 curveto closepath stroke
 1 1 1 setrgbcolor
newpath 88.02441 110.2308 moveto
88.02441 110.54907 87.89796 110.85428 87.67293 111.07932 curveto
87.44789 111.30435 87.14268 111.4308 86.82442 111.4308 curveto
86.50615 111.4308 86.20094 111.30435 85.9759 111.07932 curveto
85.75087 110.85428 85.62442 110.54907 85.62442 110.2308 curveto
85.62442 109.91254 85.75087 109.60733 85.9759 109.3823 curveto
86.20094 109.15726 86.50615 109.0308 86.82442 109.0308 curveto
87.14268 109.0308 87.44789 109.15726 87.67293 109.3823 curveto
87.89796 109.60733 88.02441 109.91254 88.02441 110.2308 curveto closepath fill
 0 0 0 setrgbcolor
newpath 88.02441 110.2308 moveto
88.02441 110.54907 87.89796 110.85428 87.67293 111.07932 curveto
87.44789 111.30435 87.14268 111.4308 86.82442 111.4308 curveto
86.50615 111.4308 86.20094 111.30435 85.9759 111.07932 curveto
85.75087 110.85428 85.62442 110.54907 85.62442 110.2308 curveto
85.62442 109.91254 85.75087 109.60733 85.9759 109.3823 curveto
86.20094 109.15726 86.50615 109.0308 86.82442 109.0308 curveto
87.14268 109.0308 87.44789 109.15726 87.67293 109.3823 curveto
87.89796 109.60733 88.02441 109.91254 88.02441 110.2308 curveto closepath stroke
 1 1 1 setrgbcolor
newpath -25.36137 110.2308 moveto
-25.36137 110.54907 -25.48782 110.85428 -25.71286 111.07932 curveto
-25.9379 111.30435 -26.2431 111.4308 -26.56137 111.4308 curveto
-26.87964 111.4308 -27.18484 111.30435 -27.40988 111.07932 curveto
-27.63492 110.85428 -27.76137 110.54907 -27.76137 110.2308 curveto
-27.76137 109.91254 -27.63492 109.60733 -27.40988 109.3823 curveto
-27.18484 109.15726 -26.87964 109.0308 -26.56137 109.0308 curveto
-26.2431 109.0308 -25.9379 109.15726 -25.71286 109.3823 curveto
-25.48782 109.60733 -25.36137 109.91254 -25.36137 110.2308 curveto closepath fill
 0 0 0 setrgbcolor
newpath -25.36137 110.2308 moveto
-25.36137 110.54907 -25.48782 110.85428 -25.71286 111.07932 curveto
-25.9379 111.30435 -26.2431 111.4308 -26.56137 111.4308 curveto
-26.87964 111.4308 -27.18484 111.30435 -27.40988 111.07932 curveto
-27.63492 110.85428 -27.76137 110.54907 -27.76137 110.2308 curveto
-27.76137 109.91254 -27.63492 109.60733 -27.40988 109.3823 curveto
-27.18484 109.15726 -26.87964 109.0308 -26.56137 109.0308 curveto
-26.2431 109.0308 -25.9379 109.15726 -25.71286 109.3823 curveto
-25.48782 109.60733 -25.36137 109.91254 -25.36137 110.2308 curveto closepath stroke
 1 1 1 setrgbcolor
newpath -19.58963 84.40947 moveto
-19.58963 84.6084 -19.66866 84.79915 -19.80931 84.93979 curveto
-19.94995 85.08044 -20.1407 85.15947 -20.33963 85.15947 curveto
-20.53856 85.15947 -20.72931 85.08044 -20.86995 84.93979 curveto
-21.0106 84.79915 -21.08963 84.6084 -21.08963 84.40947 curveto
-21.08963 84.21054 -21.0106 84.01979 -20.86995 83.87915 curveto
-20.72931 83.7385 -20.53856 83.65947 -20.33963 83.65947 curveto
-20.1407 83.65947 -19.94995 83.7385 -19.80931 83.87915 curveto
-19.66866 84.01979 -19.58963 84.21054 -19.58963 84.40947 curveto closepath fill
 0 0 0 setrgbcolor
newpath -19.58963 84.40947 moveto
-19.58963 84.6084 -19.66866 84.79915 -19.80931 84.93979 curveto
-19.94995 85.08044 -20.1407 85.15947 -20.33963 85.15947 curveto
-20.53856 85.15947 -20.72931 85.08044 -20.86995 84.93979 curveto
-21.0106 84.79915 -21.08963 84.6084 -21.08963 84.40947 curveto
-21.08963 84.21054 -21.0106 84.01979 -20.86995 83.87915 curveto
-20.72931 83.7385 -20.53856 83.65947 -20.33963 83.65947 curveto
-20.1407 83.65947 -19.94995 83.7385 -19.80931 83.87915 curveto
-19.66866 84.01979 -19.58963 84.21054 -19.58963 84.40947 curveto closepath stroke
 1 1 1 setrgbcolor
newpath 1.67242 41.15504 moveto
1.67242 41.35397 1.5934 41.54472 1.45274 41.68536 curveto
1.3121 41.82602 1.12135 41.90504 0.92242 41.90504 curveto
0.7235 41.90504 0.53275 41.82602 0.3921 41.68536 curveto
0.25145 41.54472 0.17242 41.35397 0.17242 41.15504 curveto
0.17242 40.95612 0.25145 40.76537 0.3921 40.62473 curveto
0.53275 40.48407 0.7235 40.40504 0.92242 40.40504 curveto
1.12135 40.40504 1.3121 40.48407 1.45274 40.62473 curveto
1.5934 40.76537 1.67242 40.95612 1.67242 41.15504 curveto closepath fill
 0 0 0 setrgbcolor
newpath 1.67242 41.15504 moveto
1.67242 41.35397 1.5934 41.54472 1.45274 41.68536 curveto
1.3121 41.82602 1.12135 41.90504 0.92242 41.90504 curveto
0.7235 41.90504 0.53275 41.82602 0.3921 41.68536 curveto
0.25145 41.54472 0.17242 41.35397 0.17242 41.15504 curveto
0.17242 40.95612 0.25145 40.76537 0.3921 40.62473 curveto
0.53275 40.48407 0.7235 40.40504 0.92242 40.40504 curveto
1.12135 40.40504 1.3121 40.48407 1.45274 40.62473 curveto
1.5934 40.76537 1.67242 40.95612 1.67242 41.15504 curveto closepath stroke
 1 1 1 setrgbcolor
newpath 87.57442 0 moveto
87.57442 0.19893 87.49539 0.38968 87.35474 0.53032 curveto
87.2141 0.67097 87.02335 0.75 86.82442 0.75 curveto
86.62549 0.75 86.43474 0.67097 86.2941 0.53032 curveto
86.15344 0.38968 86.07442 0.19893 86.07442 0 curveto
86.07442 -0.19893 86.15344 -0.38968 86.2941 -0.53032 curveto
86.43474 -0.67097 86.62549 -0.75 86.82442 -0.75 curveto
87.02335 -0.75 87.2141 -0.67097 87.35474 -0.53032 curveto
87.49539 -0.38968 87.57442 -0.19893 87.57442 0 curveto closepath fill
 0 0 0 setrgbcolor
newpath 87.57442 0 moveto
87.57442 0.19893 87.49539 0.38968 87.35474 0.53032 curveto
87.2141 0.67097 87.02335 0.75 86.82442 0.75 curveto
86.62549 0.75 86.43474 0.67097 86.2941 0.53032 curveto
86.15344 0.38968 86.07442 0.19893 86.07442 0 curveto
86.07442 -0.19893 86.15344 -0.38968 86.2941 -0.53032 curveto
86.43474 -0.67097 86.62549 -0.75 86.82442 -0.75 curveto
87.02335 -0.75 87.2141 -0.67097 87.35474 -0.53032 curveto
87.49539 -0.38968 87.57442 -0.19893 87.57442 0 curveto closepath stroke
newpath -18.58118 89.61877 moveto
-24.5198 89.25061 lineto stroke
newpath -18.99814 91.34924 moveto
-24.93677 90.98108 lineto stroke
newpath 103.2827 54.43495 moveto
97.34416 54.06676 lineto stroke
newpath 102.86606 56.16405 moveto
96.92752 55.79585 lineto stroke
newpath 60.38922 -2.9298 moveto
61.42242 2.9298 lineto stroke
newpath 62.16951 -2.9298 moveto
63.20271 2.9298 lineto stroke
newpath 31.53741 113.1606 moveto
30.50421 107.30101 lineto stroke
newpath 29.75883 113.1606 moveto
28.72563 107.30101 lineto stroke
-26.33049 56.31815 moveto
(A) lmmi12 11.95517 fshow
29.26797 -11.1694 moveto
(B) lmmi12 11.95517 fshow
115.4858 -10.2694 moveto
(C) lmmi12 11.95517 fshow
88.92441 112.3308 moveto
(D) lmmi12 11.95517 fshow
-38.02756 112.3308 moveto
(E) lmmi12 11.95517 fshow
 1 0 0 setrgbcolor
-15.31604 65.82915 moveto
(\013) lmmi12 11.95517 fshow
-10.31604 55.82915 moveto
(\013) lmmi12 11.95517 fshow
 0 0 1 setrgbcolor
30.38043 9.0112 moveto
(\014) lmmi12 11.95517 fshow
39.38043 4.0112 moveto
(\014) lmmi12 11.95517 fshow
 0 0.5 0 setrgbcolor
103.0247 4.58861 moveto
(\015) lmmi12 11.95517 fshow
-23.92247 102.81941 moveto
(\015) lmmi12 11.95517 fshow
showpage
%%EOF
