%!PS
%%BoundingBox: -39 -12 166 124 
%%HiResBoundingBox: -38.02756 -11.1694 165.01791 123.53479 
%%Creator: MetaPost 2.000
%%CreationDate: 2022.09.05:1450
%%Pages: 1
%*Font: lmmi12 11.95517 11.95517 41:f801
%%BeginProlog
%%EndProlog
%%Page: 1 1
 1 0 0 setrgbcolor 0 0.5 dtransform truncate idtransform setlinewidth pop
 [] 0 setdash 1 setlinecap 1 setlinejoin 10 setmiterlimit
newpath -10.16866 54.94777 moveto
-7.61545 57.00085 -6.8278 60.55023 -8.27296 63.49055 curveto stroke
newpath -7.3755 63.93166 moveto
-9.0272 67.29219 -12.78891 69.05746 -16.42921 68.18031 curveto stroke
newpath -8.91536 53.38918 moveto
-5.63264 56.02885 -4.61996 60.59233 -6.47804 64.37276 curveto stroke
newpath -5.58058 64.81386 moveto
-7.6452 69.01453 -12.34734 71.22112 -16.89772 70.12468 curveto stroke
 0 0 1 setrgbcolor
newpath 43.01608 0 moveto
43.01608 3.46376 41.02835 6.62018 37.90456 8.1167 curveto stroke
newpath 38.76866 9.92041 moveto
34.95078 11.74945 30.42204 11.22513 27.12296 8.57227 curveto stroke
 0 0.5 0 setrgbcolor 0 1.5 dtransform truncate idtransform setlinewidth pop
 0 setlinecap
newpath 9 0 moveto
9 2.75793 7.73541 5.3636 5.56883 7.07011 curveto stroke
newpath 7.42511 9.42682 moveto
4.53632 11.7022 0.76373 12.5275 -2.81122 11.66602 curveto stroke
 0 0.5 dtransform truncate idtransform setlinewidth pop
newpath -22.63123 123.28479 moveto
-23.14526 118.97435 -23.4066 114.61609 -23.4066 110.2308 curveto
-23.4066 80.99442 -11.79077 52.95898 8.88092 32.28731 curveto
29.5526 11.61562 57.58803 -0.00021 86.82442 -0.00021 curveto
116.0608 -0.00021 144.09624 11.61562 164.76791 32.28731 curveto stroke
 0 0 0 setrgbcolor 0 1 dtransform truncate idtransform setlinewidth pop
newpath -14.55519 60.40285 moveto
34.01608 0 lineto
113.3858 0 lineto
86.82442 110.2308 lineto
-26.56137 110.2308 lineto
 closepath stroke
 0 0.5 dtransform truncate idtransform setlinewidth pop
newpath -14.55519 60.40285 moveto
0 0 lineto stroke
newpath 34.01608 0 moveto
0 0 lineto stroke
 [0 1.5 3 1.5 ] 2 setdash
newpath -14.55519 60.40285 moveto
86.82442 110.2308 lineto stroke
newpath 34.01608 0 moveto
86.82442 110.2308 lineto stroke
newpath 0 0 moveto
86.82442 110.2308 lineto stroke
 0 0.5 0 setrgbcolor [] 0 setdash
newpath 86.82442 110.2308 moveto
-20.33963 84.40947 lineto stroke
newpath 86.82442 110.2308 moveto
0.92242 41.15504 lineto stroke
 0.5 0 dtransform exch truncate exch idtransform pop setlinewidth
newpath 86.82442 110.2308 moveto
86.82442 0 lineto stroke
 1 1 1 setrgbcolor
newpath -13.3552 60.40285 moveto
-13.3552 60.72112 -13.48164 61.02632 -13.70668 61.25136 curveto
-13.93172 61.4764 -14.23692 61.60284 -14.55519 61.60284 curveto
-14.87346 61.60284 -15.17867 61.4764 -15.4037 61.25136 curveto
-15.62874 61.02632 -15.75519 60.72112 -15.75519 60.40285 curveto
-15.75519 60.08458 -15.62874 59.77937 -15.4037 59.55434 curveto
-15.17867 59.3293 -14.87346 59.20285 -14.55519 59.20285 curveto
-14.23692 59.20285 -13.93172 59.3293 -13.70668 59.55434 curveto
-13.48164 59.77937 -13.3552 60.08458 -13.3552 60.40285 curveto closepath fill
 0 0 0 setrgbcolor 0 0.5 dtransform truncate idtransform setlinewidth pop
newpath -13.3552 60.40285 moveto
-13.3552 60.72112 -13.48164 61.02632 -13.70668 61.25136 curveto
-13.93172 61.4764 -14.23692 61.60284 -14.55519 61.60284 curveto
-14.87346 61.60284 -15.17867 61.4764 -15.4037 61.25136 curveto
-15.62874 61.02632 -15.75519 60.72112 -15.75519 60.40285 curveto
-15.75519 60.08458 -15.62874 59.77937 -15.4037 59.55434 curveto
-15.17867 59.3293 -14.87346 59.20285 -14.55519 59.20285 curveto
-14.23692 59.20285 -13.93172 59.3293 -13.70668 59.55434 curveto
-13.48164 59.77937 -13.3552 60.08458 -13.3552 60.40285 curveto closepath stroke
 1 1 1 setrgbcolor
newpath 35.21608 0 moveto
35.21608 0.31827 35.08963 0.62347 34.8646 0.84851 curveto
34.63956 1.07355 34.33435 1.2 34.01608 1.2 curveto
33.69781 1.2 33.39261 1.07355 33.16757 0.84851 curveto
32.94254 0.62347 32.81609 0.31827 32.81609 0 curveto
32.81609 -0.31827 32.94254 -0.62347 33.16757 -0.84851 curveto
33.39261 -1.07355 33.69781 -1.2 34.01608 -1.2 curveto
34.33435 -1.2 34.63956 -1.07355 34.8646 -0.84851 curveto
35.08963 -0.62347 35.21608 -0.31827 35.21608 0 curveto closepath fill
 0 0 0 setrgbcolor
newpath 35.21608 0 moveto
35.21608 0.31827 35.08963 0.62347 34.8646 0.84851 curveto
34.63956 1.07355 34.33435 1.2 34.01608 1.2 curveto
33.69781 1.2 33.39261 1.07355 33.16757 0.84851 curveto
32.94254 0.62347 32.81609 0.31827 32.81609 0 curveto
32.81609 -0.31827 32.94254 -0.62347 33.16757 -0.84851 curveto
33.39261 -1.07355 33.69781 -1.2 34.01608 -1.2 curveto
34.33435 -1.2 34.63956 -1.07355 34.8646 -0.84851 curveto
35.08963 -0.62347 35.21608 -0.31827 35.21608 0 curveto closepath stroke
 1 1 1 setrgbcolor
newpath 114.5858 0 moveto
114.5858 0.31827 114.45935 0.62347 114.23431 0.84851 curveto
114.00928 1.07355 113.70407 1.2 113.3858 1.2 curveto
113.06754 1.2 112.76233 1.07355 112.5373 0.84851 curveto
112.31226 0.62347 112.1858 0.31827 112.1858 0 curveto
112.1858 -0.31827 112.31226 -0.62347 112.5373 -0.84851 curveto
112.76233 -1.07355 113.06754 -1.2 113.3858 -1.2 curveto
113.70407 -1.2 114.00928 -1.07355 114.23431 -0.84851 curveto
114.45935 -0.62347 114.5858 -0.31827 114.5858 0 curveto closepath fill
 0 0 0 setrgbcolor
newpath 114.5858 0 moveto
114.5858 0.31827 114.45935 0.62347 114.23431 0.84851 curveto
114.00928 1.07355 113.70407 1.2 113.3858 1.2 curveto
113.06754 1.2 112.76233 1.07355 112.5373 0.84851 curveto
112.31226 0.62347 112.1858 0.31827 112.1858 0 curveto
112.1858 -0.31827 112.31226 -0.62347 112.5373 -0.84851 curveto
112.76233 -1.07355 113.06754 -1.2 113.3858 -1.2 curveto
113.70407 -1.2 114.00928 -1.07355 114.23431 -0.84851 curveto
114.45935 -0.62347 114.5858 -0.31827 114.5858 0 curveto closepath stroke
 1 1 1 setrgbcolor
newpath 88.02441 110.2308 moveto
88.02441 110.54907 87.89796 110.85428 87.67293 111.07932 curveto
87.44789 111.30435 87.14268 111.4308 86.82442 111.4308 curveto
86.50615 111.4308 86.20094 111.30435 85.9759 111.07932 curveto
85.75087 110.85428 85.62442 110.54907 85.62442 110.2308 curveto
85.62442 109.91254 85.75087 109.60733 85.9759 109.3823 curveto
86.20094 109.15726 86.50615 109.0308 86.82442 109.0308 curveto
87.14268 109.0308 87.44789 109.15726 87.67293 109.3823 curveto
87.89796 109.60733 88.02441 109.91254 88.02441 110.2308 curveto closepath fill
 0 0 0 setrgbcolor
newpath 88.02441 110.2308 moveto
88.02441 110.54907 87.89796 110.85428 87.67293 111.07932 curveto
87.44789 111.30435 87.14268 111.4308 86.82442 111.4308 curveto
86.50615 111.4308 86.20094 111.30435 85.9759 111.07932 curveto
85.75087 110.85428 85.62442 110.54907 85.62442 110.2308 curveto
85.62442 109.91254 85.75087 109.60733 85.9759 109.3823 curveto
86.20094 109.15726 86.50615 109.0308 86.82442 109.0308 curveto
87.14268 109.0308 87.44789 109.15726 87.67293 109.3823 curveto
87.89796 109.60733 88.02441 109.91254 88.02441 110.2308 curveto closepath stroke
 1 1 1 setrgbcolor
newpath -25.36137 110.2308 moveto
-25.36137 110.54907 -25.48782 110.85428 -25.71286 111.07932 curveto
-25.9379 111.30435 -26.2431 111.4308 -26.56137 111.4308 curveto
-26.87964 111.4308 -27.18484 111.30435 -27.40988 111.07932 curveto
-27.63492 110.85428 -27.76137 110.54907 -27.76137 110.2308 curveto
-27.76137 109.91254 -27.63492 109.60733 -27.40988 109.3823 curveto
-27.18484 109.15726 -26.87964 109.0308 -26.56137 109.0308 curveto
-26.2431 109.0308 -25.9379 109.15726 -25.71286 109.3823 curveto
-25.48782 109.60733 -25.36137 109.91254 -25.36137 110.2308 curveto closepath fill
 0 0 0 setrgbcolor
newpath -25.36137 110.2308 moveto
-25.36137 110.54907 -25.48782 110.85428 -25.71286 111.07932 curveto
-25.9379 111.30435 -26.2431 111.4308 -26.56137 111.4308 curveto
-26.87964 111.4308 -27.18484 111.30435 -27.40988 111.07932 curveto
-27.63492 110.85428 -27.76137 110.54907 -27.76137 110.2308 curveto
-27.76137 109.91254 -27.63492 109.60733 -27.40988 109.3823 curveto
-27.18484 109.15726 -26.87964 109.0308 -26.56137 109.0308 curveto
-26.2431 109.0308 -25.9379 109.15726 -25.71286 109.3823 curveto
-25.48782 109.60733 -25.36137 109.91254 -25.36137 110.2308 curveto closepath stroke
 1 1 1 setrgbcolor
newpath 1.2 0 moveto
1.2 0.31827 1.07355 0.62347 0.84851 0.84851 curveto
0.62347 1.07355 0.31827 1.2 0 1.2 curveto
-0.31827 1.2 -0.62347 1.07355 -0.84851 0.84851 curveto
-1.07355 0.62347 -1.2 0.31827 -1.2 0 curveto
-1.2 -0.31827 -1.07355 -0.62347 -0.84851 -0.84851 curveto
-0.62347 -1.07355 -0.31827 -1.2 0 -1.2 curveto
0.31827 -1.2 0.62347 -1.07355 0.84851 -0.84851 curveto
1.07355 -0.62347 1.2 -0.31827 1.2 0 curveto closepath fill
 0 0 0 setrgbcolor
newpath 1.2 0 moveto
1.2 0.31827 1.07355 0.62347 0.84851 0.84851 curveto
0.62347 1.07355 0.31827 1.2 0 1.2 curveto
-0.31827 1.2 -0.62347 1.07355 -0.84851 0.84851 curveto
-1.07355 0.62347 -1.2 0.31827 -1.2 0 curveto
-1.2 -0.31827 -1.07355 -0.62347 -0.84851 -0.84851 curveto
-0.62347 -1.07355 -0.31827 -1.2 0 -1.2 curveto
0.31827 -1.2 0.62347 -1.07355 0.84851 -0.84851 curveto
1.07355 -0.62347 1.2 -0.31827 1.2 0 curveto closepath stroke
 1 1 1 setrgbcolor
newpath -19.58963 84.40947 moveto
-19.58963 84.6084 -19.66866 84.79915 -19.80931 84.93979 curveto
-19.94995 85.08044 -20.1407 85.15947 -20.33963 85.15947 curveto
-20.53856 85.15947 -20.72931 85.08044 -20.86995 84.93979 curveto
-21.0106 84.79915 -21.08963 84.6084 -21.08963 84.40947 curveto
-21.08963 84.21054 -21.0106 84.01979 -20.86995 83.87915 curveto
-20.72931 83.7385 -20.53856 83.65947 -20.33963 83.65947 curveto
-20.1407 83.65947 -19.94995 83.7385 -19.80931 83.87915 curveto
-19.66866 84.01979 -19.58963 84.21054 -19.58963 84.40947 curveto closepath fill
 0 0 0 setrgbcolor
newpath -19.58963 84.40947 moveto
-19.58963 84.6084 -19.66866 84.79915 -19.80931 84.93979 curveto
-19.94995 85.08044 -20.1407 85.15947 -20.33963 85.15947 curveto
-20.53856 85.15947 -20.72931 85.08044 -20.86995 84.93979 curveto
-21.0106 84.79915 -21.08963 84.6084 -21.08963 84.40947 curveto
-21.08963 84.21054 -21.0106 84.01979 -20.86995 83.87915 curveto
-20.72931 83.7385 -20.53856 83.65947 -20.33963 83.65947 curveto
-20.1407 83.65947 -19.94995 83.7385 -19.80931 83.87915 curveto
-19.66866 84.01979 -19.58963 84.21054 -19.58963 84.40947 curveto closepath stroke
 1 1 1 setrgbcolor
newpath 1.67242 41.15504 moveto
1.67242 41.35397 1.5934 41.54472 1.45274 41.68536 curveto
1.3121 41.82602 1.12135 41.90504 0.92242 41.90504 curveto
0.7235 41.90504 0.53275 41.82602 0.3921 41.68536 curveto
0.25145 41.54472 0.17242 41.35397 0.17242 41.15504 curveto
0.17242 40.95612 0.25145 40.76537 0.3921 40.62473 curveto
0.53275 40.48407 0.7235 40.40504 0.92242 40.40504 curveto
1.12135 40.40504 1.3121 40.48407 1.45274 40.62473 curveto
1.5934 40.76537 1.67242 40.95612 1.67242 41.15504 curveto closepath fill
 0 0 0 setrgbcolor
newpath 1.67242 41.15504 moveto
1.67242 41.35397 1.5934 41.54472 1.45274 41.68536 curveto
1.3121 41.82602 1.12135 41.90504 0.92242 41.90504 curveto
0.7235 41.90504 0.53275 41.82602 0.3921 41.68536 curveto
0.25145 41.54472 0.17242 41.35397 0.17242 41.15504 curveto
0.17242 40.95612 0.25145 40.76537 0.3921 40.62473 curveto
0.53275 40.48407 0.7235 40.40504 0.92242 40.40504 curveto
1.12135 40.40504 1.3121 40.48407 1.45274 40.62473 curveto
1.5934 40.76537 1.67242 40.95612 1.67242 41.15504 curveto closepath stroke
 1 1 1 setrgbcolor
newpath 87.57442 0 moveto
87.57442 0.19893 87.49539 0.38968 87.35474 0.53032 curveto
87.2141 0.67097 87.02335 0.75 86.82442 0.75 curveto
86.62549 0.75 86.43474 0.67097 86.2941 0.53032 curveto
86.15344 0.38968 86.07442 0.19893 86.07442 0 curveto
86.07442 -0.19893 86.15344 -0.38968 86.2941 -0.53032 curveto
86.43474 -0.67097 86.62549 -0.75 86.82442 -0.75 curveto
87.02335 -0.75 87.2141 -0.67097 87.35474 -0.53032 curveto
87.49539 -0.38968 87.57442 -0.19893 87.57442 0 curveto closepath fill
 0 0 0 setrgbcolor
newpath 87.57442 0 moveto
87.57442 0.19893 87.49539 0.38968 87.35474 0.53032 curveto
87.2141 0.67097 87.02335 0.75 86.82442 0.75 curveto
86.62549 0.75 86.43474 0.67097 86.2941 0.53032 curveto
86.15344 0.38968 86.07442 0.19893 86.07442 0 curveto
86.07442 -0.19893 86.15344 -0.38968 86.2941 -0.53032 curveto
86.43474 -0.67097 86.62549 -0.75 86.82442 -0.75 curveto
87.02335 -0.75 87.2141 -0.67097 87.35474 -0.53032 curveto
87.49539 -0.38968 87.57442 -0.19893 87.57442 0 curveto closepath stroke
newpath -10.45541 30.88274 moveto
-4.51688 31.25102 lineto stroke
newpath -10.03831 29.15182 moveto
-4.09978 29.52011 lineto stroke
newpath 103.2827 54.43495 moveto
97.34416 54.06676 lineto stroke
newpath 102.86606 56.16405 moveto
96.92752 55.79585 lineto stroke
newpath 72.29419 -2.9298 moveto
73.3274 2.9298 lineto stroke
newpath 74.0745 -2.9298 moveto
75.1077 2.9298 lineto stroke
newpath 31.53741 113.1606 moveto
30.50421 107.30101 lineto stroke
newpath 29.75883 113.1606 moveto
28.72563 107.30101 lineto stroke
-26.33049 56.31815 moveto
(A) lmmi12 11.95517 fshow
29.26797 -11.1694 moveto
(B) lmmi12 11.95517 fshow
115.4858 -10.2694 moveto
(C) lmmi12 11.95517 fshow
88.92441 112.3308 moveto
(D) lmmi12 11.95517 fshow
-38.02756 112.3308 moveto
(E) lmmi12 11.95517 fshow
-11.27109 -10.2694 moveto
(P) lmmi12 11.95517 fshow
showpage
%%EOF
