%!PS
%%BoundingBox: -11 -9 96 94 
%%HiResBoundingBox: -10.62498 -8.90779 95.19594 93.94714 
%%Creator: MetaPost 1.208
%%CreationDate: 2011.01.15:2011
%%Pages: 1
%*Font: cmmi10 9.96265 9.96265 41:f03ded8
%%BeginProlog
%%EndProlog
%%Page: 1 1
 0 0 0 setrgbcolor 0 0.56693 dtransform truncate idtransform setlinewidth pop
 [] 0 setdash 1 setlinejoin 10 setmiterlimit
newpath 0 0 moveto
85.03935 0 lineto
85.03935 85.03935 lineto
0 85.03935 lineto
 closepath stroke
 0.28348 0 dtransform exch truncate exch idtransform pop setlinewidth
 [1.80002 1.80002 ] 0.90001 setdash 1 setlinecap
newpath 42.51968 0 moveto
42.51967 85.03935 lineto stroke
 0 0.28348 dtransform truncate idtransform setlinewidth pop
newpath 85.03935 42.51968 moveto
0 42.51967 lineto stroke
 1 1 1 setrgbcolor
newpath 43.65353 28.34645 moveto
43.65353 28.64719 43.53406 28.93556 43.32143 29.1482 curveto
43.1088 29.36082 42.82042 29.4803 42.51968 29.4803 curveto
42.21895 29.4803 41.93057 29.36082 41.71794 29.1482 curveto
41.50531 28.93556 41.38583 28.64719 41.38583 28.34645 curveto
41.38583 28.04572 41.50531 27.75734 41.71794 27.54471 curveto
41.93057 27.33208 42.21895 27.2126 42.51968 27.2126 curveto
42.82042 27.2126 43.1088 27.33208 43.32143 27.54471 curveto
43.53406 27.75734 43.65353 28.04572 43.65353 28.34645 curveto closepath fill
 0 0 0 setrgbcolor 0 0.56693 dtransform truncate idtransform setlinewidth pop
 [] 0 setdash
newpath 43.65353 28.34645 moveto
43.65353 28.64719 43.53406 28.93556 43.32143 29.1482 curveto
43.1088 29.36082 42.82042 29.4803 42.51968 29.4803 curveto
42.21895 29.4803 41.93057 29.36082 41.71794 29.1482 curveto
41.50531 28.93556 41.38583 28.64719 41.38583 28.34645 curveto
41.38583 28.04572 41.50531 27.75734 41.71794 27.54471 curveto
41.93057 27.33208 42.21895 27.2126 42.51968 27.2126 curveto
42.82042 27.2126 43.1088 27.33208 43.32143 27.54471 curveto
43.53406 27.75734 43.65353 28.04572 43.65353 28.34645 curveto closepath stroke
 1 1 1 setrgbcolor
newpath 43.65353 56.6929 moveto
43.65353 56.99364 43.53406 57.28201 43.32143 57.49464 curveto
43.1088 57.70728 42.82042 57.82675 42.51968 57.82675 curveto
42.21895 57.82675 41.93057 57.70728 41.71794 57.49464 curveto
41.50531 57.28201 41.38583 56.99364 41.38583 56.6929 curveto
41.38583 56.39217 41.50531 56.10379 41.71794 55.89116 curveto
41.93057 55.67853 42.21895 55.55905 42.51968 55.55905 curveto
42.82042 55.55905 43.1088 55.67853 43.32143 55.89116 curveto
43.53406 56.10379 43.65353 56.39217 43.65353 56.6929 curveto closepath fill
 0 0 0 setrgbcolor
newpath 43.65353 56.6929 moveto
43.65353 56.99364 43.53406 57.28201 43.32143 57.49464 curveto
43.1088 57.70728 42.82042 57.82675 42.51968 57.82675 curveto
42.21895 57.82675 41.93057 57.70728 41.71794 57.49464 curveto
41.50531 57.28201 41.38583 56.99364 41.38583 56.6929 curveto
41.38583 56.39217 41.50531 56.10379 41.71794 55.89116 curveto
41.93057 55.67853 42.21895 55.55905 42.51968 55.55905 curveto
42.82042 55.55905 43.1088 55.67853 43.32143 55.89116 curveto
43.53406 56.10379 43.65353 56.39217 43.65353 56.6929 curveto closepath stroke
 1 1 1 setrgbcolor
newpath 29.4803 42.51968 moveto
29.4803 42.82042 29.36082 43.1088 29.1482 43.32143 curveto
28.93556 43.53406 28.64719 43.65353 28.34645 43.65353 curveto
28.04572 43.65353 27.75734 43.53406 27.54471 43.32143 curveto
27.33208 43.1088 27.2126 42.82042 27.2126 42.51968 curveto
27.2126 42.21895 27.33208 41.93057 27.54471 41.71794 curveto
27.75734 41.50531 28.04572 41.38583 28.34645 41.38583 curveto
28.64719 41.38583 28.93556 41.50531 29.1482 41.71794 curveto
29.36082 41.93057 29.4803 42.21895 29.4803 42.51968 curveto closepath fill
 0 0 0 setrgbcolor
newpath 29.4803 42.51968 moveto
29.4803 42.82042 29.36082 43.1088 29.1482 43.32143 curveto
28.93556 43.53406 28.64719 43.65353 28.34645 43.65353 curveto
28.04572 43.65353 27.75734 43.53406 27.54471 43.32143 curveto
27.33208 43.1088 27.2126 42.82042 27.2126 42.51968 curveto
27.2126 42.21895 27.33208 41.93057 27.54471 41.71794 curveto
27.75734 41.50531 28.04572 41.38583 28.34645 41.38583 curveto
28.64719 41.38583 28.93556 41.50531 29.1482 41.71794 curveto
29.36082 41.93057 29.4803 42.21895 29.4803 42.51968 curveto closepath stroke
 1 1 1 setrgbcolor
newpath 57.82675 42.51968 moveto
57.82675 42.82042 57.70728 43.1088 57.49464 43.32143 curveto
57.28201 43.53406 56.99364 43.65353 56.6929 43.65353 curveto
56.39217 43.65353 56.10379 43.53406 55.89116 43.32143 curveto
55.67853 43.1088 55.55905 42.82042 55.55905 42.51968 curveto
55.55905 42.21895 55.67853 41.93057 55.89116 41.71794 curveto
56.10379 41.50531 56.39217 41.38583 56.6929 41.38583 curveto
56.99364 41.38583 57.28201 41.50531 57.49464 41.71794 curveto
57.70728 41.93057 57.82675 42.21895 57.82675 42.51968 curveto closepath fill
 0 0 0 setrgbcolor
newpath 57.82675 42.51968 moveto
57.82675 42.82042 57.70728 43.1088 57.49464 43.32143 curveto
57.28201 43.53406 56.99364 43.65353 56.6929 43.65353 curveto
56.39217 43.65353 56.10379 43.53406 55.89116 43.32143 curveto
55.67853 43.1088 55.55905 42.82042 55.55905 42.51968 curveto
55.55905 42.21895 55.67853 41.93057 55.89116 41.71794 curveto
56.10379 41.50531 56.39217 41.38583 56.6929 41.38583 curveto
56.99364 41.38583 57.28201 41.50531 57.49464 41.71794 curveto
57.70728 41.93057 57.82675 42.21895 57.82675 42.51968 curveto closepath stroke
-9.57199 -8.90779 moveto
(A) cmmi10 9.96265 fshow
87.13934 -8.90779 moveto
(B) cmmi10 9.96265 fshow
87.13934 87.13934 moveto
(C) cmmi10 9.96265 fshow
-10.62498 87.13934 moveto
(D) cmmi10 9.96265 fshow
showpage
%%EOF
