%!PS
%%BoundingBox: -8 -8 93 65 
%%HiResBoundingBox: -7.33661 -7.33661 92.37582 64.02942 
%%Creator: MetaPost 1.208
%%CreationDate: 2010.10.20:2257
%%Pages: 1
%*Font: cmr10 9.96265 9.96265 31:fe
%%BeginProlog
%%EndProlog
%%Page: 1 1
 0 0 0 setrgbcolor 0 0.5 dtransform truncate idtransform setlinewidth pop
 [] 0 setdash 1 setlinecap 1 setlinejoin 10 setmiterlimit
newpath 0 0 moveto
85.03922 0 lineto
0 56.69281 lineto
0 0 lineto
85.03922 56.69281 lineto
85.03922 0 lineto stroke
 1 1 1 setrgbcolor
newpath 7.08661 0 moveto
7.08661 1.87956 6.33983 3.68193 5.01088 5.01088 curveto
3.68193 6.33983 1.87956 7.08661 0 7.08661 curveto
-1.87956 7.08661 -3.68193 6.33983 -5.01088 5.01088 curveto
-6.33983 3.68193 -7.08661 1.87956 -7.08661 0 curveto
-7.08661 -1.87956 -6.33983 -3.68193 -5.01088 -5.01088 curveto
-3.68193 -6.33983 -1.87956 -7.08661 0 -7.08661 curveto
1.87956 -7.08661 3.68193 -6.33983 5.01088 -5.01088 curveto
6.33983 -3.68193 7.08661 -1.87956 7.08661 0 curveto closepath fill
 0 0 0 setrgbcolor
newpath 7.08661 0 moveto
7.08661 1.87956 6.33983 3.68193 5.01088 5.01088 curveto
3.68193 6.33983 1.87956 7.08661 0 7.08661 curveto
-1.87956 7.08661 -3.68193 6.33983 -5.01088 5.01088 curveto
-6.33983 3.68193 -7.08661 1.87956 -7.08661 0 curveto
-7.08661 -1.87956 -6.33983 -3.68193 -5.01088 -5.01088 curveto
-3.68193 -6.33983 -1.87956 -7.08661 0 -7.08661 curveto
1.87956 -7.08661 3.68193 -6.33983 5.01088 -5.01088 curveto
6.33983 -3.68193 7.08661 -1.87956 7.08661 0 curveto closepath stroke
 1 1 1 setrgbcolor
newpath 7.08661 28.3464 moveto
7.08661 30.22597 6.33983 32.02834 5.01088 33.35728 curveto
3.68193 34.68623 1.87956 35.43301 0 35.43301 curveto
-1.87956 35.43301 -3.68193 34.68623 -5.01088 33.35728 curveto
-6.33983 32.02834 -7.08661 30.22597 -7.08661 28.3464 curveto
-7.08661 26.46684 -6.33983 24.66447 -5.01088 23.33553 curveto
-3.68193 22.00658 -1.87956 21.2598 0 21.2598 curveto
1.87956 21.2598 3.68193 22.00658 5.01088 23.33553 curveto
6.33983 24.66447 7.08661 26.46684 7.08661 28.3464 curveto closepath fill
 0 0 0 setrgbcolor
newpath 7.08661 28.3464 moveto
7.08661 30.22597 6.33983 32.02834 5.01088 33.35728 curveto
3.68193 34.68623 1.87956 35.43301 0 35.43301 curveto
-1.87956 35.43301 -3.68193 34.68623 -5.01088 33.35728 curveto
-6.33983 32.02834 -7.08661 30.22597 -7.08661 28.3464 curveto
-7.08661 26.46684 -6.33983 24.66447 -5.01088 23.33553 curveto
-3.68193 22.00658 -1.87956 21.2598 0 21.2598 curveto
1.87956 21.2598 3.68193 22.00658 5.01088 23.33553 curveto
6.33983 24.66447 7.08661 26.46684 7.08661 28.3464 curveto closepath stroke
 1 1 1 setrgbcolor
newpath 7.08661 56.69281 moveto
7.08661 58.57237 6.33983 60.37474 5.01088 61.70369 curveto
3.68193 63.03264 1.87956 63.77942 0 63.77942 curveto
-1.87956 63.77942 -3.68193 63.03264 -5.01088 61.70369 curveto
-6.33983 60.37474 -7.08661 58.57237 -7.08661 56.69281 curveto
-7.08661 54.81325 -6.33983 53.01088 -5.01088 51.68193 curveto
-3.68193 50.35298 -1.87956 49.6062 0 49.6062 curveto
1.87956 49.6062 3.68193 50.35298 5.01088 51.68193 curveto
6.33983 53.01088 7.08661 54.81325 7.08661 56.69281 curveto closepath fill
 0 0 0 setrgbcolor
newpath 7.08661 56.69281 moveto
7.08661 58.57237 6.33983 60.37474 5.01088 61.70369 curveto
3.68193 63.03264 1.87956 63.77942 0 63.77942 curveto
-1.87956 63.77942 -3.68193 63.03264 -5.01088 61.70369 curveto
-6.33983 60.37474 -7.08661 58.57237 -7.08661 56.69281 curveto
-7.08661 54.81325 -6.33983 53.01088 -5.01088 51.68193 curveto
-3.68193 50.35298 -1.87956 49.6062 0 49.6062 curveto
1.87956 49.6062 3.68193 50.35298 5.01088 51.68193 curveto
6.33983 53.01088 7.08661 54.81325 7.08661 56.69281 curveto closepath stroke
 1 1 1 setrgbcolor
newpath 49.60622 0 moveto
49.60622 1.87956 48.85944 3.68193 47.53049 5.01088 curveto
46.20154 6.33983 44.39917 7.08661 42.5196 7.08661 curveto
40.64005 7.08661 38.83768 6.33983 37.50873 5.01088 curveto
36.17978 3.68193 35.433 1.87956 35.433 0 curveto
35.433 -1.87956 36.17978 -3.68193 37.50873 -5.01088 curveto
38.83768 -6.33983 40.64005 -7.08661 42.5196 -7.08661 curveto
44.39917 -7.08661 46.20154 -6.33983 47.53049 -5.01088 curveto
48.85944 -3.68193 49.60622 -1.87956 49.60622 0 curveto closepath fill
 0 0 0 setrgbcolor
newpath 49.60622 0 moveto
49.60622 1.87956 48.85944 3.68193 47.53049 5.01088 curveto
46.20154 6.33983 44.39917 7.08661 42.5196 7.08661 curveto
40.64005 7.08661 38.83768 6.33983 37.50873 5.01088 curveto
36.17978 3.68193 35.433 1.87956 35.433 0 curveto
35.433 -1.87956 36.17978 -3.68193 37.50873 -5.01088 curveto
38.83768 -6.33983 40.64005 -7.08661 42.5196 -7.08661 curveto
44.39917 -7.08661 46.20154 -6.33983 47.53049 -5.01088 curveto
48.85944 -3.68193 49.60622 -1.87956 49.60622 0 curveto closepath stroke
 1 1 1 setrgbcolor
newpath 49.60622 28.3464 moveto
49.60622 30.22597 48.85944 32.02834 47.53049 33.35728 curveto
46.20154 34.68623 44.39917 35.43301 42.5196 35.43301 curveto
40.64005 35.43301 38.83768 34.68623 37.50873 33.35728 curveto
36.17978 32.02834 35.433 30.22597 35.433 28.3464 curveto
35.433 26.46684 36.17978 24.66447 37.50873 23.33553 curveto
38.83768 22.00658 40.64005 21.2598 42.5196 21.2598 curveto
44.39917 21.2598 46.20154 22.00658 47.53049 23.33553 curveto
48.85944 24.66447 49.60622 26.46684 49.60622 28.3464 curveto closepath fill
 0 0 0 setrgbcolor
newpath 49.60622 28.3464 moveto
49.60622 30.22597 48.85944 32.02834 47.53049 33.35728 curveto
46.20154 34.68623 44.39917 35.43301 42.5196 35.43301 curveto
40.64005 35.43301 38.83768 34.68623 37.50873 33.35728 curveto
36.17978 32.02834 35.433 30.22597 35.433 28.3464 curveto
35.433 26.46684 36.17978 24.66447 37.50873 23.33553 curveto
38.83768 22.00658 40.64005 21.2598 42.5196 21.2598 curveto
44.39917 21.2598 46.20154 22.00658 47.53049 23.33553 curveto
48.85944 24.66447 49.60622 26.46684 49.60622 28.3464 curveto closepath stroke
 1 1 1 setrgbcolor
newpath 92.12582 0 moveto
92.12582 1.87956 91.37904 3.68193 90.0501 5.01088 curveto
88.72115 6.33983 86.91878 7.08661 85.03922 7.08661 curveto
83.15965 7.08661 81.35728 6.33983 80.02834 5.01088 curveto
78.69939 3.68193 77.9526 1.87956 77.9526 0 curveto
77.9526 -1.87956 78.69939 -3.68193 80.02834 -5.01088 curveto
81.35728 -6.33983 83.15965 -7.08661 85.03922 -7.08661 curveto
86.91878 -7.08661 88.72115 -6.33983 90.0501 -5.01088 curveto
91.37904 -3.68193 92.12582 -1.87956 92.12582 0 curveto closepath fill
 0 0 0 setrgbcolor
newpath 92.12582 0 moveto
92.12582 1.87956 91.37904 3.68193 90.0501 5.01088 curveto
88.72115 6.33983 86.91878 7.08661 85.03922 7.08661 curveto
83.15965 7.08661 81.35728 6.33983 80.02834 5.01088 curveto
78.69939 3.68193 77.9526 1.87956 77.9526 0 curveto
77.9526 -1.87956 78.69939 -3.68193 80.02834 -5.01088 curveto
81.35728 -6.33983 83.15965 -7.08661 85.03922 -7.08661 curveto
86.91878 -7.08661 88.72115 -6.33983 90.0501 -5.01088 curveto
91.37904 -3.68193 92.12582 -1.87956 92.12582 0 curveto closepath stroke
 1 1 1 setrgbcolor
newpath 92.12582 56.69281 moveto
92.12582 58.57237 91.37904 60.37474 90.0501 61.70369 curveto
88.72115 63.03264 86.91878 63.77942 85.03922 63.77942 curveto
83.15965 63.77942 81.35728 63.03264 80.02834 61.70369 curveto
78.69939 60.37474 77.9526 58.57237 77.9526 56.69281 curveto
77.9526 54.81325 78.69939 53.01088 80.02834 51.68193 curveto
81.35728 50.35298 83.15965 49.6062 85.03922 49.6062 curveto
86.91878 49.6062 88.72115 50.35298 90.0501 51.68193 curveto
91.37904 53.01088 92.12582 54.81325 92.12582 56.69281 curveto closepath fill
 0 0 0 setrgbcolor
newpath 92.12582 56.69281 moveto
92.12582 58.57237 91.37904 60.37474 90.0501 61.70369 curveto
88.72115 63.03264 86.91878 63.77942 85.03922 63.77942 curveto
83.15965 63.77942 81.35728 63.03264 80.02834 61.70369 curveto
78.69939 60.37474 77.9526 58.57237 77.9526 56.69281 curveto
77.9526 54.81325 78.69939 53.01088 80.02834 51.68193 curveto
81.35728 50.35298 83.15965 49.6062 85.03922 49.6062 curveto
86.91878 49.6062 88.72115 50.35298 90.0501 51.68193 curveto
91.37904 53.01088 92.12582 54.81325 92.12582 56.69281 curveto closepath stroke
-2.49068 -3.21019 moveto
(1) cmr10 9.96265 fshow
-2.49068 25.13622 moveto
(4) cmr10 9.96265 fshow
-2.49068 53.48262 moveto
(5) cmr10 9.96265 fshow
40.02893 -3.21019 moveto
(6) cmr10 9.96265 fshow
40.02893 25.13622 moveto
(2) cmr10 9.96265 fshow
82.54854 -3.21019 moveto
(3) cmr10 9.96265 fshow
82.54854 53.48262 moveto
(7) cmr10 9.96265 fshow
showpage
%%EOF
