%!PS
%%BoundingBox: -105 -76 209 76 
%%HiResBoundingBox: -104.7492 -75.08432 208.42606 75.08432 
%%Creator: MetaPost 1.208
%%CreationDate: 2014.01.13:1332
%%Pages: 1
%*Font: cmmi10 9.96265 9.96265 48:8010c0001
%*Font: cmr7 6.97385 6.97385 31:c
%%BeginProlog
%%EndProlog
%%Page: 1 1
 0 0 0 setrgbcolor 0 0.5 dtransform truncate idtransform setlinewidth pop
 [] 0 setdash 1 setlinejoin 10 setmiterlimit
newpath 31.18105 0 moveto
31.18105 8.2701 27.89528 16.20049 22.04788 22.04788 curveto
16.20049 27.89528 8.2701 31.18105 0 31.18105 curveto
-8.2701 31.18105 -16.20049 27.89528 -22.04788 22.04788 curveto
-27.89528 16.20049 -31.18105 8.2701 -31.18105 0 curveto
-31.18105 -8.2701 -27.89528 -16.20049 -22.04788 -22.04788 curveto
-16.20049 -27.89528 -8.2701 -31.18105 0 -31.18105 curveto
8.2701 -31.18105 16.20049 -27.89528 22.04788 -22.04788 curveto
27.89528 -16.20049 31.18105 -8.2701 31.18105 0 curveto closepath stroke
newpath 200.69217 0 moveto
200.69217 19.84818 192.80634 38.88106 178.77261 52.91476 curveto
164.7389 66.94849 145.70602 74.83432 125.85785 74.83432 curveto
106.00967 74.83432 86.97679 66.94849 72.94308 52.91476 curveto
58.90936 38.88106 51.02353 19.84818 51.02353 0 curveto
51.02353 -19.84818 58.90936 -38.88106 72.94308 -52.91476 curveto
86.97679 -66.94849 106.00967 -74.83432 125.85785 -74.83432 curveto
145.70602 -74.83432 164.7389 -66.94849 178.77261 -52.91476 curveto
192.80634 -38.88106 200.69217 -19.84818 200.69217 0 curveto closepath stroke
 1 setlinecap
newpath 0 0 moveto
-61.64658 52.7951 lineto
125.85785 0 lineto
0 0 lineto
-98.88881 0 lineto stroke
newpath 125.85785 0 moveto
208.17606 0 lineto stroke
newpath -23.6826 20.28229 moveto
53.82439 20.28218 lineto stroke
 0.5 0 dtransform exch truncate exch idtransform pop setlinewidth
 [3 3 ] 0.5 setdash
newpath -23.6826 20.28229 moveto
-23.6826 0 lineto stroke
newpath 53.82439 20.28218 moveto
53.82439 0 lineto stroke
 0 0.5 dtransform truncate idtransform setlinewidth pop [] 0 setdash
newpath -15.74565 0 moveto
-15.74565 2.1051 -16.58203 4.12373 -18.07045 5.61215 curveto
-19.55887 7.10057 -21.5775 7.93695 -23.6826 7.93695 curveto stroke
 0 1 dtransform truncate idtransform setlinewidth pop
newpath -20.06525 3.36736 moveto
-20.06525 3.43365 -20.09158 3.49724 -20.13847 3.54413 curveto
-20.18536 3.59102 -20.24895 3.61736 -20.31525 3.61736 curveto
-20.38155 3.61736 -20.44513 3.59102 -20.49202 3.54413 curveto
-20.53891 3.49724 -20.56525 3.43365 -20.56525 3.36736 curveto
-20.56525 3.30106 -20.53891 3.23747 -20.49202 3.19058 curveto
-20.44513 3.14369 -20.38155 3.11736 -20.31525 3.11736 curveto
-20.24895 3.11736 -20.18536 3.14369 -20.13847 3.19058 curveto
-20.09158 3.23747 -20.06525 3.30106 -20.06525 3.36736 curveto closepath
gsave fill grestore stroke
 0 0.5 dtransform truncate idtransform setlinewidth pop
newpath 61.76134 0 moveto
61.76134 2.1051 60.92496 4.12373 59.43654 5.61215 curveto
57.94812 7.10057 55.92949 7.93695 53.82439 7.93695 curveto stroke
 0 1 dtransform truncate idtransform setlinewidth pop
newpath 57.44174 3.36736 moveto
57.44174 3.43365 57.4154 3.49724 57.36852 3.54413 curveto
57.32162 3.59102 57.25804 3.61736 57.19174 3.61736 curveto
57.12544 3.61736 57.06186 3.59102 57.01497 3.54413 curveto
56.96808 3.49724 56.94174 3.43365 56.94174 3.36736 curveto
56.94174 3.30106 56.96808 3.23747 57.01497 3.19058 curveto
57.06186 3.14369 57.12544 3.11736 57.19174 3.11736 curveto
57.25804 3.11736 57.32162 3.14369 57.36852 3.19058 curveto
57.4154 3.23747 57.44174 3.30106 57.44174 3.36736 curveto closepath
gsave fill grestore stroke
 0 1.13385 dtransform truncate idtransform setlinewidth pop
newpath 37.01692 0 moveto
37.01692 16.83076 30.32993 32.97017 18.42967 44.87042 curveto
6.52942 56.77068 -9.60999 63.45767 -26.44075 63.45767 curveto
-43.27151 63.45767 -59.41092 56.77068 -71.31117 44.87042 curveto
-83.21143 32.97017 -89.89842 16.83076 -89.89842 0 curveto
-89.89842 -16.83076 -83.21143 -32.97017 -71.31117 -44.87042 curveto
-59.41092 -56.77068 -43.27151 -63.45767 -26.44075 -63.45767 curveto
-9.60999 -63.45767 6.52942 -56.77068 18.42967 -44.87042 curveto
30.32993 -32.97017 37.01692 -16.83076 37.01692 0 curveto closepath stroke
 1 1 1 setrgbcolor
newpath -88.76457 0 moveto
-88.76457 0.30074 -88.88405 0.58911 -89.09668 0.80174 curveto
-89.30931 1.01437 -89.59769 1.13385 -89.89842 1.13385 curveto
-90.19916 1.13385 -90.48753 1.01437 -90.70016 0.80174 curveto
-90.9128 0.58911 -91.03227 0.30074 -91.03227 0 curveto
-91.03227 -0.30074 -90.9128 -0.58911 -90.70016 -0.80174 curveto
-90.48753 -1.01437 -90.19916 -1.13385 -89.89842 -1.13385 curveto
-89.59769 -1.13385 -89.30931 -1.01437 -89.09668 -0.80174 curveto
-88.88405 -0.58911 -88.76457 -0.30074 -88.76457 0 curveto closepath fill
 0 0 0 setrgbcolor 0 0.56693 dtransform truncate idtransform setlinewidth pop
newpath -88.76457 0 moveto
-88.76457 0.30074 -88.88405 0.58911 -89.09668 0.80174 curveto
-89.30931 1.01437 -89.59769 1.13385 -89.89842 1.13385 curveto
-90.19916 1.13385 -90.48753 1.01437 -90.70016 0.80174 curveto
-90.9128 0.58911 -91.03227 0.30074 -91.03227 0 curveto
-91.03227 -0.30074 -90.9128 -0.58911 -90.70016 -0.80174 curveto
-90.48753 -1.01437 -90.19916 -1.13385 -89.89842 -1.13385 curveto
-89.59769 -1.13385 -89.30931 -1.01437 -89.09668 -0.80174 curveto
-88.88405 -0.58911 -88.76457 -0.30074 -88.76457 0 curveto closepath stroke
 1 1 1 setrgbcolor
newpath 38.15076 0 moveto
38.15076 0.30074 38.03128 0.58911 37.81865 0.80174 curveto
37.60602 1.01437 37.31764 1.13385 37.0169 1.13385 curveto
36.71617 1.13385 36.4278 1.01437 36.21516 0.80174 curveto
36.00253 0.58911 35.88306 0.30074 35.88306 0 curveto
35.88306 -0.30074 36.00253 -0.58911 36.21516 -0.80174 curveto
36.4278 -1.01437 36.71617 -1.13385 37.0169 -1.13385 curveto
37.31764 -1.13385 37.60602 -1.01437 37.81865 -0.80174 curveto
38.03128 -0.58911 38.15076 -0.30074 38.15076 0 curveto closepath fill
 0 0 0 setrgbcolor
newpath 38.15076 0 moveto
38.15076 0.30074 38.03128 0.58911 37.81865 0.80174 curveto
37.60602 1.01437 37.31764 1.13385 37.0169 1.13385 curveto
36.71617 1.13385 36.4278 1.01437 36.21516 0.80174 curveto
36.00253 0.58911 35.88306 0.30074 35.88306 0 curveto
35.88306 -0.30074 36.00253 -0.58911 36.21516 -0.80174 curveto
36.4278 -1.01437 36.71617 -1.13385 37.0169 -1.13385 curveto
37.31764 -1.13385 37.60602 -1.01437 37.81865 -0.80174 curveto
38.03128 -0.58911 38.15076 -0.30074 38.15076 0 curveto closepath stroke
 1 1 1 setrgbcolor
newpath -60.51273 52.7951 moveto
-60.51273 53.09584 -60.6322 53.38422 -60.84483 53.59685 curveto
-61.05746 53.80948 -61.34584 53.92896 -61.64658 53.92896 curveto
-61.94731 53.92896 -62.23569 53.80948 -62.44832 53.59685 curveto
-62.66095 53.38422 -62.78043 53.09584 -62.78043 52.7951 curveto
-62.78043 52.49437 -62.66095 52.206 -62.44832 51.99336 curveto
-62.23569 51.78073 -61.94731 51.66125 -61.64658 51.66125 curveto
-61.34584 51.66125 -61.05746 51.78073 -60.84483 51.99336 curveto
-60.6322 52.206 -60.51273 52.49437 -60.51273 52.7951 curveto closepath fill
 0 0 0 setrgbcolor
newpath -60.51273 52.7951 moveto
-60.51273 53.09584 -60.6322 53.38422 -60.84483 53.59685 curveto
-61.05746 53.80948 -61.34584 53.92896 -61.64658 53.92896 curveto
-61.94731 53.92896 -62.23569 53.80948 -62.44832 53.59685 curveto
-62.66095 53.38422 -62.78043 53.09584 -62.78043 52.7951 curveto
-62.78043 52.49437 -62.66095 52.206 -62.44832 51.99336 curveto
-62.23569 51.78073 -61.94731 51.66125 -61.64658 51.66125 curveto
-61.34584 51.66125 -61.05746 51.78073 -60.84483 51.99336 curveto
-60.6322 52.206 -60.51273 52.49437 -60.51273 52.7951 curveto closepath stroke
-72.78207 54.8951 moveto
(X) cmmi10 9.96265 fshow
-5.2892 -9.8078 moveto
(S) cmmi10 9.96265 fshow
0.8198 -11.3022 moveto
(1) cmr7 6.97385 fshow
120.56865 -9.8078 moveto
(S) cmmi10 9.96265 fshow
126.67764 -11.3022 moveto
(2) cmr7 6.97385 fshow
-37.9358 15.62558 moveto
(Y) cmmi10 9.96265 fshow
-32.1519 14.13118 moveto
(1) cmr7 6.97385 fshow
57.82439 21.77658 moveto
(Y) cmmi10 9.96265 fshow
63.60829 20.28218 moveto
(2) cmr7 6.97385 fshow
-104.7492 -8.90779 moveto
(H) cmmi10 9.96265 fshow
-96.4678 -10.40219 moveto
(1) cmr7 6.97385 fshow
37.1169 -8.90779 moveto
(H) cmmi10 9.96265 fshow
45.3983 -10.40219 moveto
(2) cmr7 6.97385 fshow
-29.80388 -31.06638 moveto
(k) cmmi10 9.96265 fshow
-24.61728 -32.56078 moveto
(1) cmr7 6.97385 fshow
65.18709 -61.93326 moveto
(k) cmmi10 9.96265 fshow
70.37369 -63.42766 moveto
(2) cmr7 6.97385 fshow
showpage
%%EOF
