%!PS
%%BoundingBox: -69 -11 125 92 
%%HiResBoundingBox: -68.8919 -10.2694 124.982 91.08064 
%%Creator: MetaPost 2.02
%%CreationDate: 2024.09.02:1353
%%Pages: 1
%*Font: lmmi12 11.95517 11.95517 41:f83df800e000058
%%BeginProlog
%%EndProlog
%%Page: 1 1
 0 0 0 setrgbcolor 0 0.5 dtransform truncate idtransform setlinewidth pop
 [] 0 setdash 1 setlinecap 1 setlinejoin 10 setmiterlimit
gsave newpath 24.43646 57.09773 moveto
18.39694 60.58469 lineto
[0.34203 0.93968 -0.93968 0.34203 0 0] concat stroke grestore
gsave newpath 25.23154 59.28217 moveto
19.19202 62.76912 lineto
[0.34203 0.93968 -0.93968 0.34203 0 0] concat stroke grestore
gsave newpath 49.14719 47.10884 moveto
43.10767 50.5958 lineto
[0.34203 0.93968 -0.93968 0.34203 0 0] concat stroke grestore
gsave newpath 49.94226 49.29327 moveto
43.90274 52.78023 lineto
[0.34203 0.93968 -0.93968 0.34203 0 0] concat stroke grestore
 0 1 dtransform truncate idtransform setlinewidth pop
newpath 0 0 moveto
113.3858 0 lineto
29.08565 79.91124 lineto
 closepath stroke
 0 0.5 dtransform truncate idtransform setlinewidth pop
newpath 0 0 moveto
-56.6929 0 lineto
71.23572 39.95563 lineto
14.54283 39.95563 lineto
113.3858 0 lineto stroke
newpath 24.71074 -9.9889 moveto
53.79639 69.92233 lineto stroke
-10.87529 -10.2694 moveto
(A) lmmi12 11.95517 fshow
 1 1 1 setrgbcolor
newpath 1.5 0 moveto
1.5 0.39784 1.34193 0.77934 1.06064 1.06064 curveto
0.77934 1.34193 0.39784 1.5 0 1.5 curveto
-0.39784 1.5 -0.77934 1.34193 -1.06064 1.06064 curveto
-1.34193 0.77934 -1.5 0.39784 -1.5 0 curveto
-1.5 -0.39784 -1.34193 -0.77934 -1.06064 -1.06064 curveto
-0.77934 -1.34193 -0.39784 -1.5 0 -1.5 curveto
0.39784 -1.5 0.77934 -1.34193 1.06064 -1.06064 curveto
1.34193 -0.77934 1.5 -0.39784 1.5 0 curveto closepath fill
 0 0 0 setrgbcolor
newpath 1.5 0 moveto
1.5 0.39784 1.34193 0.77934 1.06064 1.06064 curveto
0.77934 1.34193 0.39784 1.5 0 1.5 curveto
-0.39784 1.5 -0.77934 1.34193 -1.06064 1.06064 curveto
-1.34193 0.77934 -1.5 0.39784 -1.5 0 curveto
-1.5 -0.39784 -1.34193 -0.77934 -1.06064 -1.06064 curveto
-0.77934 -1.34193 -0.39784 -1.5 0 -1.5 curveto
0.39784 -1.5 0.77934 -1.34193 1.06064 -1.06064 curveto
1.34193 -0.77934 1.5 -0.39784 1.5 0 curveto closepath stroke
115.4858 -10.2694 moveto
(B) lmmi12 11.95517 fshow
 1 1 1 setrgbcolor
newpath 114.8858 0 moveto
114.8858 0.39784 114.72774 0.77934 114.44644 1.06064 curveto
114.16515 1.34193 113.78365 1.5 113.3858 1.5 curveto
112.98796 1.5 112.60646 1.34193 112.32516 1.06064 curveto
112.04387 0.77934 111.8858 0.39784 111.8858 0 curveto
111.8858 -0.39784 112.04387 -0.77934 112.32516 -1.06064 curveto
112.60646 -1.34193 112.98796 -1.5 113.3858 -1.5 curveto
113.78365 -1.5 114.16515 -1.34193 114.44644 -1.06064 curveto
114.72774 -0.77934 114.8858 -0.39784 114.8858 0 curveto closepath fill
 0 0 0 setrgbcolor
newpath 114.8858 0 moveto
114.8858 0.39784 114.72774 0.77934 114.44644 1.06064 curveto
114.16515 1.34193 113.78365 1.5 113.3858 1.5 curveto
112.98796 1.5 112.60646 1.34193 112.32516 1.06064 curveto
112.04387 0.77934 111.8858 0.39784 111.8858 0 curveto
111.8858 -0.39784 112.04387 -0.77934 112.32516 -1.06064 curveto
112.60646 -1.34193 112.98796 -1.5 113.3858 -1.5 curveto
113.78365 -1.5 114.16515 -1.34193 114.44644 -1.06064 curveto
114.72774 -0.77934 114.8858 -0.39784 114.8858 0 curveto closepath stroke
24.46884 82.91124 moveto
(C) lmmi12 11.95517 fshow
 1 1 1 setrgbcolor
newpath 30.58565 79.91124 moveto
30.58565 80.30908 30.42758 80.69058 30.14629 80.97188 curveto
29.86499 81.25317 29.48349 81.41124 29.08565 81.41124 curveto
28.6878 81.41124 28.3063 81.25317 28.02501 80.97188 curveto
27.74371 80.69058 27.58565 80.30908 27.58565 79.91124 curveto
27.58565 79.5134 27.74371 79.1319 28.02501 78.8506 curveto
28.3063 78.5693 28.6878 78.41124 29.08565 78.41124 curveto
29.48349 78.41124 29.86499 78.5693 30.14629 78.8506 curveto
30.42758 79.1319 30.58565 79.5134 30.58565 79.91124 curveto closepath fill
 0 0 0 setrgbcolor
newpath 30.58565 79.91124 moveto
30.58565 80.30908 30.42758 80.69058 30.14629 80.97188 curveto
29.86499 81.25317 29.48349 81.41124 29.08565 81.41124 curveto
28.6878 81.41124 28.3063 81.25317 28.02501 80.97188 curveto
27.74371 80.69058 27.58565 80.30908 27.58565 79.91124 curveto
27.58565 79.5134 27.74371 79.1319 28.02501 78.8506 curveto
28.3063 78.5693 28.6878 78.41124 29.08565 78.41124 curveto
29.48349 78.41124 29.86499 78.5693 30.14629 78.8506 curveto
30.42758 79.1319 30.58565 79.5134 30.58565 79.91124 curveto closepath stroke
73.33571 42.05562 moveto
(P) lmmi12 11.95517 fshow
 1 1 1 setrgbcolor
newpath 72.73572 39.95563 moveto
72.73572 40.35347 72.57765 40.73497 72.29636 41.01627 curveto
72.01506 41.29756 71.63356 41.45563 71.23572 41.45563 curveto
70.83788 41.45563 70.45638 41.29756 70.17508 41.01627 curveto
69.89378 40.73497 69.73572 40.35347 69.73572 39.95563 curveto
69.73572 39.55779 69.89378 39.17628 70.17508 38.89499 curveto
70.45638 38.6137 70.83788 38.45563 71.23572 38.45563 curveto
71.63356 38.45563 72.01506 38.6137 72.29636 38.89499 curveto
72.57765 39.17628 72.73572 39.55779 72.73572 39.95563 curveto closepath fill
 0 0 0 setrgbcolor
newpath 72.73572 39.95563 moveto
72.73572 40.35347 72.57765 40.73497 72.29636 41.01627 curveto
72.01506 41.29756 71.63356 41.45563 71.23572 41.45563 curveto
70.83788 41.45563 70.45638 41.29756 70.17508 41.01627 curveto
69.89378 40.73497 69.73572 40.35347 69.73572 39.95563 curveto
69.73572 39.55779 69.89378 39.17628 70.17508 38.89499 curveto
70.45638 38.6137 70.83788 38.45563 71.23572 38.45563 curveto
71.63356 38.45563 72.01506 38.6137 72.29636 38.89499 curveto
72.57765 39.17628 72.73572 39.55779 72.73572 39.95563 curveto closepath stroke
3.17165 44.38022 moveto
(Q) lmmi12 11.95517 fshow
 1 1 1 setrgbcolor
newpath 16.04283 39.95563 moveto
16.04283 40.35347 15.88477 40.73497 15.60347 41.01627 curveto
15.32217 41.29756 14.94067 41.45563 14.54283 41.45563 curveto
14.14499 41.45563 13.76349 41.29756 13.4822 41.01627 curveto
13.2009 40.73497 13.04283 40.35347 13.04283 39.95563 curveto
13.04283 39.55779 13.2009 39.17628 13.4822 38.89499 curveto
13.76349 38.6137 14.14499 38.45563 14.54283 38.45563 curveto
14.94067 38.45563 15.32217 38.6137 15.60347 38.89499 curveto
15.88477 39.17628 16.04283 39.55779 16.04283 39.95563 curveto closepath fill
 0 0 0 setrgbcolor
newpath 16.04283 39.95563 moveto
16.04283 40.35347 15.88477 40.73497 15.60347 41.01627 curveto
15.32217 41.29756 14.94067 41.45563 14.54283 41.45563 curveto
14.14499 41.45563 13.76349 41.29756 13.4822 41.01627 curveto
13.2009 40.73497 13.04283 40.35347 13.04283 39.95563 curveto
13.04283 39.55779 13.2009 39.17628 13.4822 38.89499 curveto
13.76349 38.6137 14.14499 38.45563 14.54283 38.45563 curveto
14.94067 38.45563 15.32217 38.6137 15.60347 38.89499 curveto
15.88477 39.17628 16.04283 39.55779 16.04283 39.95563 curveto closepath stroke
-3.83707 22.0778 moveto
(R) lmmi12 11.95517 fshow
 1 1 1 setrgbcolor
newpath 8.77142 19.97781 moveto
8.77142 20.37566 8.61336 20.75716 8.33206 21.03845 curveto
8.05077 21.31975 7.66927 21.47781 7.27142 21.47781 curveto
6.87358 21.47781 6.49208 21.31975 6.21078 21.03845 curveto
5.92949 20.75716 5.77142 20.37566 5.77142 19.97781 curveto
5.77142 19.57997 5.92949 19.19847 6.21078 18.91718 curveto
6.49208 18.63588 6.87358 18.47781 7.27142 18.47781 curveto
7.66927 18.47781 8.05077 18.63588 8.33206 18.91718 curveto
8.61336 19.19847 8.77142 19.57997 8.77142 19.97781 curveto closepath fill
 0 0 0 setrgbcolor
newpath 8.77142 19.97781 moveto
8.77142 20.37566 8.61336 20.75716 8.33206 21.03845 curveto
8.05077 21.31975 7.66927 21.47781 7.27142 21.47781 curveto
6.87358 21.47781 6.49208 21.31975 6.21078 21.03845 curveto
5.92949 20.75716 5.77142 20.37566 5.77142 19.97781 curveto
5.77142 19.57997 5.92949 19.19847 6.21078 18.91718 curveto
6.49208 18.63588 6.87358 18.47781 7.27142 18.47781 curveto
7.66927 18.47781 8.05077 18.63588 8.33206 18.91718 curveto
8.61336 19.19847 8.77142 19.57997 8.77142 19.97781 curveto closepath stroke
29.97157 42.05562 moveto
(K) lmmi12 11.95517 fshow
 1 1 1 setrgbcolor
newpath 44.38927 39.95563 moveto
44.38927 40.35347 44.2312 40.73497 43.9499 41.01627 curveto
43.66861 41.29756 43.28711 41.45563 42.88927 41.45563 curveto
42.49142 41.45563 42.10992 41.29756 41.82863 41.01627 curveto
41.54733 40.73497 41.38927 40.35347 41.38927 39.95563 curveto
41.38927 39.55779 41.54733 39.17628 41.82863 38.89499 curveto
42.10992 38.6137 42.49142 38.45563 42.88927 38.45563 curveto
43.28711 38.45563 43.66861 38.6137 43.9499 38.89499 curveto
44.2312 39.17628 44.38927 39.55779 44.38927 39.95563 curveto closepath fill
 0 0 0 setrgbcolor
newpath 44.38927 39.95563 moveto
44.38927 40.35347 44.2312 40.73497 43.9499 41.01627 curveto
43.66861 41.29756 43.28711 41.45563 42.88927 41.45563 curveto
42.49142 41.45563 42.10992 41.29756 41.82863 41.01627 curveto
41.54733 40.73497 41.38927 40.35347 41.38927 39.95563 curveto
41.38927 39.55779 41.54733 39.17628 41.82863 38.89499 curveto
42.10992 38.6137 42.49142 38.45563 42.88927 38.45563 curveto
43.28711 38.45563 43.66861 38.6137 43.9499 38.89499 curveto
44.2312 39.17628 44.38927 39.55779 44.38927 39.95563 curveto closepath stroke
37.26387 18.79732 moveto
(L) lmmi12 11.95517 fshow
 1 1 1 setrgbcolor
newpath 40.75357 29.96672 moveto
40.75357 30.36456 40.5955 30.74606 40.31421 31.02736 curveto
40.03291 31.30865 39.65141 31.46672 39.25357 31.46672 curveto
38.85573 31.46672 38.47423 31.30865 38.19293 31.02736 curveto
37.91164 30.74606 37.75357 30.36456 37.75357 29.96672 curveto
37.75357 29.56888 37.91164 29.18738 38.19293 28.90608 curveto
38.47423 28.62479 38.85573 28.46672 39.25357 28.46672 curveto
39.65141 28.46672 40.03291 28.62479 40.31421 28.90608 curveto
40.5955 29.18738 40.75357 29.56888 40.75357 29.96672 curveto closepath fill
 0 0 0 setrgbcolor
newpath 40.75357 29.96672 moveto
40.75357 30.36456 40.5955 30.74606 40.31421 31.02736 curveto
40.03291 31.30865 39.65141 31.46672 39.25357 31.46672 curveto
38.85573 31.46672 38.47423 31.30865 38.19293 31.02736 curveto
37.91164 30.74606 37.75357 30.36456 37.75357 29.96672 curveto
37.75357 29.56888 37.91164 29.18738 38.19293 28.90608 curveto
38.47423 28.62479 38.85573 28.46672 39.25357 28.46672 curveto
39.65141 28.46672 40.03291 28.62479 40.31421 28.90608 curveto
40.5955 29.18738 40.75357 29.56888 40.75357 29.96672 curveto closepath stroke
-68.8919 -4.0847 moveto
(U) lmmi12 11.95517 fshow
 1 1 1 setrgbcolor
newpath -55.1929 0 moveto
-55.1929 0.39784 -55.35097 0.77934 -55.63226 1.06064 curveto
-55.91356 1.34193 -56.29506 1.5 -56.6929 1.5 curveto
-57.09074 1.5 -57.47224 1.34193 -57.75354 1.06064 curveto
-58.03484 0.77934 -58.1929 0.39784 -58.1929 0 curveto
-58.1929 -0.39784 -58.03484 -0.77934 -57.75354 -1.06064 curveto
-57.47224 -1.34193 -57.09074 -1.5 -56.6929 -1.5 curveto
-56.29506 -1.5 -55.91356 -1.34193 -55.63226 -1.06064 curveto
-55.35097 -0.77934 -55.1929 -0.39784 -55.1929 0 curveto closepath fill
 0 0 0 setrgbcolor
newpath -55.1929 0 moveto
-55.1929 0.39784 -55.35097 0.77934 -55.63226 1.06064 curveto
-55.91356 1.34193 -56.29506 1.5 -56.6929 1.5 curveto
-57.09074 1.5 -57.47224 1.34193 -57.75354 1.06064 curveto
-58.03484 0.77934 -58.1929 0.39784 -58.1929 0 curveto
-58.1929 -0.39784 -58.03484 -0.77934 -57.75354 -1.06064 curveto
-57.47224 -1.34193 -57.09074 -1.5 -56.6929 -1.5 curveto
-56.29506 -1.5 -55.91356 -1.34193 -55.63226 -1.06064 curveto
-55.35097 -0.77934 -55.1929 -0.39784 -55.1929 0 curveto closepath stroke
30.44644 -10.2694 moveto
(T) lmmi12 11.95517 fshow
 1 1 1 setrgbcolor
newpath 29.84645 0 moveto
29.84645 0.39784 29.68839 0.77934 29.40709 1.06064 curveto
29.1258 1.34193 28.7443 1.5 28.34645 1.5 curveto
27.94861 1.5 27.56711 1.34193 27.28581 1.06064 curveto
27.00452 0.77934 26.84645 0.39784 26.84645 0 curveto
26.84645 -0.39784 27.00452 -0.77934 27.28581 -1.06064 curveto
27.56711 -1.34193 27.94861 -1.5 28.34645 -1.5 curveto
28.7443 -1.5 29.1258 -1.34193 29.40709 -1.06064 curveto
29.68839 -0.77934 29.84645 -0.39784 29.84645 0 curveto closepath fill
 0 0 0 setrgbcolor
newpath 29.84645 0 moveto
29.84645 0.39784 29.68839 0.77934 29.40709 1.06064 curveto
29.1258 1.34193 28.7443 1.5 28.34645 1.5 curveto
27.94861 1.5 27.56711 1.34193 27.28581 1.06064 curveto
27.00452 0.77934 26.84645 0.39784 26.84645 0 curveto
26.84645 -0.39784 27.00452 -0.77934 27.28581 -1.06064 curveto
27.56711 -1.34193 27.94861 -1.5 28.34645 -1.5 curveto
28.7443 -1.5 29.1258 -1.34193 29.40709 -1.06064 curveto
29.68839 -0.77934 29.84645 -0.39784 29.84645 0 curveto closepath stroke
showpage
%%EOF
