%!PS
%%BoundingBox: -68 -60 67 58 
%%HiResBoundingBox: -67.04306 -59.80617 66.81956 57.33282 
%%Creator: MetaPost 1.999
%%CreationDate: 2016.03.31:1212
%%Pages: 1
%*Font: cmmi10 9.96265 9.96265 0c:c0000000000007c4000000010a
%%BeginProlog
%%EndProlog
%%Page: 1 1
 0 0 0 setrgbcolor 0 0.5 dtransform truncate idtransform setlinewidth pop
 [] 0 setdash 1 setlinejoin 10 setmiterlimit
newpath 56.69281 0 moveto
56.69281 15.03653 50.71867 29.45541 40.08705 40.08705 curveto
29.45541 50.71867 15.03653 56.69281 0 56.69281 curveto
-15.03653 56.69281 -29.45541 50.71867 -40.08705 40.08705 curveto
-50.71867 29.45541 -56.69281 15.03653 -56.69281 0 curveto
-56.69281 -15.03653 -50.71867 -29.45541 -40.08705 -40.08705 curveto
-29.45541 -50.71867 -15.03653 -56.69281 0 -56.69281 curveto
15.03653 -56.69281 29.45541 -50.71867 40.08705 -40.08705 curveto
50.71867 -29.45541 56.69281 -15.03653 56.69281 0 curveto closepath stroke
 1 setlinecap
newpath -25.7143 50.52502 moveto
-55.98647 8.92232 lineto
55.98647 8.92232 lineto
-25.7143 50.52502 lineto
-46.32436 -32.6805 lineto stroke
 [3 3 ] 5.5 setdash
newpath -59.38623 -32.68039 moveto
63.78467 -32.68039 lineto stroke
 0.5 setgray
newpath -55.98647 -56.69281 moveto
55.98647 -56.69281 lineto stroke
 1 1 1 setrgbcolor
newpath -34.88527 8.92232 moveto
-34.88527 9.22305 -35.00475 9.51143 -35.21738 9.72406 curveto
-35.43001 9.93669 -35.71838 10.05617 -36.01912 10.05617 curveto
-36.31985 10.05617 -36.60823 9.93669 -36.82086 9.72406 curveto
-37.0335 9.51143 -37.15297 9.22305 -37.15297 8.92232 curveto
-37.15297 8.62158 -37.0335 8.3332 -36.82086 8.12057 curveto
-36.60823 7.90794 -36.31985 7.78847 -36.01912 7.78847 curveto
-35.71838 7.78847 -35.43001 7.90794 -35.21738 8.12057 curveto
-35.00475 8.3332 -34.88527 8.62158 -34.88527 8.92232 curveto closepath fill
 0 0 0 setrgbcolor [] 0 setdash
newpath -34.88527 8.92232 moveto
-34.88527 9.22305 -35.00475 9.51143 -35.21738 9.72406 curveto
-35.43001 9.93669 -35.71838 10.05617 -36.01912 10.05617 curveto
-36.31985 10.05617 -36.60823 9.93669 -36.82086 9.72406 curveto
-37.0335 9.51143 -37.15297 9.22305 -37.15297 8.92232 curveto
-37.15297 8.62158 -37.0335 8.3332 -36.82086 8.12057 curveto
-36.60823 7.90794 -36.31985 7.78847 -36.01912 7.78847 curveto
-35.71838 7.78847 -35.43001 7.90794 -35.21738 8.12057 curveto
-35.00475 8.3332 -34.88527 8.62158 -34.88527 8.92232 curveto closepath stroke
-36.1863 50.52502 moveto
(A) cmmi10 9.96265 fshow
-67.04306 5.51842 moveto
(B) cmmi10 9.96265 fshow
58.98647 5.51842 moveto
(C) cmmi10 9.96265 fshow
-33.91913 0.01453 moveto
(D) cmmi10 9.96265 fshow
-56.35295 -41.58829 moveto
(E) cmmi10 9.96265 fshow
43.08705 40.08705 moveto
(k) cmmi10 9.96265 fshow
61.27841 -39.9699 moveto
(p) cmmi10 9.96265 fshow
 0.5 setgray
58.98647 -57.86897 moveto
(p) cmmi10 9.96265 fshow
 1 1 1 setrgbcolor
newpath 1.13385 -56.69281 moveto
1.13385 -56.39207 1.01437 -56.1037 0.80174 -55.89107 curveto
0.58911 -55.67844 0.30074 -55.55896 0 -55.55896 curveto
-0.30074 -55.55896 -0.58911 -55.67844 -0.80174 -55.89107 curveto
-1.01437 -56.1037 -1.13385 -56.39207 -1.13385 -56.69281 curveto
-1.13385 -56.99355 -1.01437 -57.28192 -0.80174 -57.49455 curveto
-0.58911 -57.70718 -0.30074 -57.82666 0 -57.82666 curveto
0.30074 -57.82666 0.58911 -57.70718 0.80174 -57.49455 curveto
1.01437 -57.28192 1.13385 -56.99355 1.13385 -56.69281 curveto closepath fill
 0.5 setgray
newpath 1.13385 -56.69281 moveto
1.13385 -56.39207 1.01437 -56.1037 0.80174 -55.89107 curveto
0.58911 -55.67844 0.30074 -55.55896 0 -55.55896 curveto
-0.30074 -55.55896 -0.58911 -55.67844 -0.80174 -55.89107 curveto
-1.01437 -56.1037 -1.13385 -56.39207 -1.13385 -56.69281 curveto
-1.13385 -56.99355 -1.01437 -57.28192 -0.80174 -57.49455 curveto
-0.58911 -57.70718 -0.30074 -57.82666 0 -57.82666 curveto
0.30074 -57.82666 0.58911 -57.70718 0.80174 -57.49455 curveto
1.01437 -57.28192 1.13385 -56.99355 1.13385 -56.69281 curveto closepath stroke
showpage
%%EOF
