%!PS
%%BoundingBox: -81 -12 90 79 
%%HiResBoundingBox: -80.04076 -11.1694 89.75179 78.30077 
%%Creator: MetaPost 2.02
%%CreationDate: 2024.12.03:1017
%%Pages: 1
%*Font: lmmi12 11.95517 11.95517 41:f009
%%BeginProlog
%%EndProlog
%%Page: 1 1
 0 0 0 setrgbcolor 0 0.5 dtransform truncate idtransform setlinewidth pop
 [] 0 setdash 1 setlinecap 1 setlinejoin 10 setmiterlimit
newpath -33.70384 29.55116 moveto
-31.23816 26.59238 -26.84067 26.19258 -23.88188 28.65825 curveto stroke
 0 1 dtransform truncate idtransform setlinewidth pop
newpath -28.70358 30.08688 moveto 0 0 rlineto stroke
 0 0.5 dtransform truncate idtransform setlinewidth pop
newpath 16.32854 27.99179 moveto
19.65541 26.05106 23.92574 27.17487 25.86638 30.50185 curveto stroke
 0 1 dtransform truncate idtransform setlinewidth pop
newpath 20.84648 30.20059 moveto 0 0 rlineto stroke
newpath 78.1556 0 moveto
12.47266 68.03137 lineto
-38.47063 68.03137 lineto
-69.16547 0 lineto
 closepath stroke
 0 0.5 dtransform truncate idtransform setlinewidth pop
newpath -38.47063 68.03137 moveto
0 0 lineto
12.47266 68.03137 lineto stroke
newpath -69.16547 0 moveto
12.47266 68.03137 lineto stroke
newpath 78.1556 0 moveto
-38.47063 68.03137 lineto stroke
 [0 1.5 6 1.5 ] 4.5 setdash
newpath -34.0156 40.81873 moveto
0 0 lineto stroke
newpath 23.81091 40.81873 moveto
0 0 lineto stroke
-80.04076 -10.2694 moveto
(A) lmmi12 11.95517 fshow
 1 1 1 setrgbcolor
newpath -67.66547 0 moveto
-67.66547 0.39784 -67.82353 0.77934 -68.10483 1.06064 curveto
-68.38612 1.34193 -68.76762 1.5 -69.16547 1.5 curveto
-69.56331 1.5 -69.94481 1.34193 -70.2261 1.06064 curveto
-70.5074 0.77934 -70.66547 0.39784 -70.66547 0 curveto
-70.66547 -0.39784 -70.5074 -0.77934 -70.2261 -1.06064 curveto
-69.94481 -1.34193 -69.56331 -1.5 -69.16547 -1.5 curveto
-68.76762 -1.5 -68.38612 -1.34193 -68.10483 -1.06064 curveto
-67.82353 -0.77934 -67.66547 -0.39784 -67.66547 0 curveto closepath fill
 0 0 0 setrgbcolor [] 0 setdash
newpath -67.66547 0 moveto
-67.66547 0.39784 -67.82353 0.77934 -68.10483 1.06064 curveto
-68.38612 1.34193 -68.76762 1.5 -69.16547 1.5 curveto
-69.56331 1.5 -69.94481 1.34193 -70.2261 1.06064 curveto
-70.5074 0.77934 -70.66547 0.39784 -70.66547 0 curveto
-70.66547 -0.39784 -70.5074 -0.77934 -70.2261 -1.06064 curveto
-69.94481 -1.34193 -69.56331 -1.5 -69.16547 -1.5 curveto
-68.76762 -1.5 -68.38612 -1.34193 -68.10483 -1.06064 curveto
-67.82353 -0.77934 -67.66547 -0.39784 -67.66547 0 curveto closepath stroke
80.25558 -10.2694 moveto
(B) lmmi12 11.95517 fshow
 1 1 1 setrgbcolor
newpath 79.6556 0 moveto
79.6556 0.39784 79.49753 0.77934 79.21623 1.06064 curveto
78.93494 1.34193 78.55344 1.5 78.1556 1.5 curveto
77.75775 1.5 77.37625 1.34193 77.09496 1.06064 curveto
76.81366 0.77934 76.6556 0.39784 76.6556 0 curveto
76.6556 -0.39784 76.81366 -0.77934 77.09496 -1.06064 curveto
77.37625 -1.34193 77.75775 -1.5 78.1556 -1.5 curveto
78.55344 -1.5 78.93494 -1.34193 79.21623 -1.06064 curveto
79.49753 -0.77934 79.6556 -0.39784 79.6556 0 curveto closepath fill
 0 0 0 setrgbcolor
newpath 79.6556 0 moveto
79.6556 0.39784 79.49753 0.77934 79.21623 1.06064 curveto
78.93494 1.34193 78.55344 1.5 78.1556 1.5 curveto
77.75775 1.5 77.37625 1.34193 77.09496 1.06064 curveto
76.81366 0.77934 76.6556 0.39784 76.6556 0 curveto
76.6556 -0.39784 76.81366 -0.77934 77.09496 -1.06064 curveto
77.37625 -1.34193 77.75775 -1.5 78.1556 -1.5 curveto
78.55344 -1.5 78.93494 -1.34193 79.21623 -1.06064 curveto
79.49753 -0.77934 79.6556 -0.39784 79.6556 0 curveto closepath stroke
14.57265 70.13136 moveto
(C) lmmi12 11.95517 fshow
 1 1 1 setrgbcolor
newpath 13.97266 68.03137 moveto
13.97266 68.42921 13.81459 68.81071 13.5333 69.09201 curveto
13.252 69.3733 12.8705 69.53137 12.47266 69.53137 curveto
12.07481 69.53137 11.69331 69.3733 11.41202 69.09201 curveto
11.13072 68.81071 10.97266 68.42921 10.97266 68.03137 curveto
10.97266 67.63353 11.13072 67.25203 11.41202 66.97073 curveto
11.69331 66.68944 12.07481 66.53137 12.47266 66.53137 curveto
12.8705 66.53137 13.252 66.68944 13.5333 66.97073 curveto
13.81459 67.25203 13.97266 67.63353 13.97266 68.03137 curveto closepath fill
 0 0 0 setrgbcolor
newpath 13.97266 68.03137 moveto
13.97266 68.42921 13.81459 68.81071 13.5333 69.09201 curveto
13.252 69.3733 12.8705 69.53137 12.47266 69.53137 curveto
12.07481 69.53137 11.69331 69.3733 11.41202 69.09201 curveto
11.13072 68.81071 10.97266 68.42921 10.97266 68.03137 curveto
10.97266 67.63353 11.13072 67.25203 11.41202 66.97073 curveto
11.69331 66.68944 12.07481 66.53137 12.47266 66.53137 curveto
12.8705 66.53137 13.252 66.68944 13.5333 66.97073 curveto
13.81459 67.25203 13.97266 67.63353 13.97266 68.03137 curveto closepath stroke
-50.61511 70.13136 moveto
(D) lmmi12 11.95517 fshow
 1 1 1 setrgbcolor
newpath -36.97063 68.03137 moveto
-36.97063 68.42921 -37.1287 68.81071 -37.40999 69.09201 curveto
-37.69128 69.3733 -38.07278 69.53137 -38.47063 69.53137 curveto
-38.86847 69.53137 -39.24997 69.3733 -39.53127 69.09201 curveto
-39.81256 68.81071 -39.97063 68.42921 -39.97063 68.03137 curveto
-39.97063 67.63353 -39.81256 67.25203 -39.53127 66.97073 curveto
-39.24997 66.68944 -38.86847 66.53137 -38.47063 66.53137 curveto
-38.07278 66.53137 -37.69128 66.68944 -37.40999 66.97073 curveto
-37.1287 67.25203 -36.97063 67.63353 -36.97063 68.03137 curveto closepath fill
 0 0 0 setrgbcolor
newpath -36.97063 68.03137 moveto
-36.97063 68.42921 -37.1287 68.81071 -37.40999 69.09201 curveto
-37.69128 69.3733 -38.07278 69.53137 -38.47063 69.53137 curveto
-38.86847 69.53137 -39.24997 69.3733 -39.53127 69.09201 curveto
-39.81256 68.81071 -39.97063 68.42921 -39.97063 68.03137 curveto
-39.97063 67.63353 -39.81256 67.25203 -39.53127 66.97073 curveto
-39.24997 66.68944 -38.86847 66.53137 -38.47063 66.53137 curveto
-38.07278 66.53137 -37.69128 66.68944 -37.40999 66.97073 curveto
-37.1287 67.25203 -36.97063 67.63353 -36.97063 68.03137 curveto closepath stroke
-6.2868 -11.1694 moveto
(M) lmmi12 11.95517 fshow
 1 1 1 setrgbcolor
newpath 1.5 0 moveto
1.5 0.39784 1.34193 0.77934 1.06064 1.06064 curveto
0.77934 1.34193 0.39784 1.5 0 1.5 curveto
-0.39784 1.5 -0.77934 1.34193 -1.06064 1.06064 curveto
-1.34193 0.77934 -1.5 0.39784 -1.5 0 curveto
-1.5 -0.39784 -1.34193 -0.77934 -1.06064 -1.06064 curveto
-0.77934 -1.34193 -0.39784 -1.5 0 -1.5 curveto
0.39784 -1.5 0.77934 -1.34193 1.06064 -1.06064 curveto
1.34193 -0.77934 1.5 -0.39784 1.5 0 curveto closepath fill
 0 0 0 setrgbcolor
newpath 1.5 0 moveto
1.5 0.39784 1.34193 0.77934 1.06064 1.06064 curveto
0.77934 1.34193 0.39784 1.5 0 1.5 curveto
-0.39784 1.5 -0.77934 1.34193 -1.06064 1.06064 curveto
-1.34193 0.77934 -1.5 0.39784 -1.5 0 curveto
-1.5 -0.39784 -1.34193 -0.77934 -1.06064 -1.06064 curveto
-0.77934 -1.34193 -0.39784 -1.5 0 -1.5 curveto
0.39784 -1.5 0.77934 -1.34193 1.06064 -1.06064 curveto
1.34193 -0.77934 1.5 -0.39784 1.5 0 curveto closepath stroke
-13.08951 53.55096 moveto
(P) lmmi12 11.95517 fshow
 1 1 1 setrgbcolor
newpath -7.00395 50.55096 moveto
-7.00395 50.9488 -7.16202 51.3303 -7.44331 51.6116 curveto
-7.72461 51.8929 -8.10611 52.05096 -8.50395 52.05096 curveto
-8.9018 52.05096 -9.2833 51.8929 -9.56459 51.6116 curveto
-9.84589 51.3303 -10.00395 50.9488 -10.00395 50.55096 curveto
-10.00395 50.15312 -9.84589 49.77162 -9.56459 49.49033 curveto
-9.2833 49.20903 -8.9018 49.05096 -8.50395 49.05096 curveto
-8.10611 49.05096 -7.72461 49.20903 -7.44331 49.49033 curveto
-7.16202 49.77162 -7.00395 50.15312 -7.00395 50.55096 curveto closepath fill
 0 0 0 setrgbcolor
newpath -7.00395 50.55096 moveto
-7.00395 50.9488 -7.16202 51.3303 -7.44331 51.6116 curveto
-7.72461 51.8929 -8.10611 52.05096 -8.50395 52.05096 curveto
-8.9018 52.05096 -9.2833 51.8929 -9.56459 51.6116 curveto
-9.84589 51.3303 -10.00395 50.9488 -10.00395 50.55096 curveto
-10.00395 50.15312 -9.84589 49.77162 -9.56459 49.49033 curveto
-9.2833 49.20903 -8.9018 49.05096 -8.50395 49.05096 curveto
-8.10611 49.05096 -7.72461 49.20903 -7.44331 49.49033 curveto
-7.16202 49.77162 -7.00395 50.15312 -7.00395 50.55096 curveto closepath stroke
showpage
%%EOF
