%!PS
%%BoundingBox: -31 -31 31 31 
%%HiResBoundingBox: -30.0964 -30.49115 30.0964 30.49113 
%%Creator: MetaPost 2.02
%%CreationDate: 2024.12.03:1017
%%Pages: 1
%*Font: cmr10 9.96265 9.96265 20:8
%%BeginProlog
%%EndProlog
%%Page: 1 1
 0 0 0 setrgbcolor 0.5 0 dtransform exch truncate exch idtransform pop setlinewidth
 [0 0.99998 ] 0.49998 setdash 1 setlinecap 1 setlinejoin
 10 setmiterlimit
newpath -28.3464 -29.76381 moveto
-28.3464 29.76381 lineto stroke
newpath -14.1732 -29.76381 moveto
-14.1732 29.76381 lineto stroke
newpath 0 -29.76381 moveto
0 29.76381 lineto stroke
newpath 14.1732 -29.76381 moveto
14.1732 29.76381 lineto stroke
newpath 28.3464 -29.76381 moveto
28.3464 29.76381 lineto stroke
 0 0.5 dtransform truncate idtransform setlinewidth pop
gsave newpath 29.76381 -28.3464 moveto
-29.76381 -28.3464 lineto
[0 1 -1 0 0 0] concat stroke grestore
gsave newpath 29.76381 -14.1732 moveto
-29.76381 -14.1732 lineto
[0 1 -1 0 0 0] concat stroke grestore
gsave newpath 29.76381 0 moveto
-29.76381 0 lineto
[0 1 -1 0 0 0] concat stroke grestore
gsave newpath 29.76381 14.1732 moveto
-29.76381 14.1732 lineto
[0 1 -1 0 0 0] concat stroke grestore
gsave newpath 29.76381 28.3464 moveto
-29.76381 28.3464 lineto
[0 1 -1 0 0 0] concat stroke grestore
 [] 0 setdash
newpath 28.3464 0 moveto
28.3464 7.51826 25.35934 14.7277 20.04352 20.04352 curveto
14.7277 25.35934 7.51826 28.3464 0 28.3464 curveto
-7.51826 28.3464 -14.7277 25.35934 -20.04352 20.04352 curveto
-25.35934 14.7277 -28.3464 7.51826 -28.3464 0 curveto
-28.3464 -7.51826 -25.35934 -14.7277 -20.04352 -20.04352 curveto
-14.7277 -25.35934 -7.51826 -28.3464 0 -28.3464 curveto
7.51826 -28.3464 14.7277 -25.35934 20.04352 -20.04352 curveto
25.35934 -14.7277 28.3464 -7.51826 28.3464 0 curveto closepath stroke
26.96269 -2.14474 moveto
(\040) cmr10 9.96265 fshow
 1 1 1 setrgbcolor
newpath 29.8464 0 moveto
29.8464 0.39784 29.68834 0.77934 29.40704 1.06064 curveto
29.12575 1.34193 28.74425 1.5 28.3464 1.5 curveto
27.94856 1.5 27.56706 1.34193 27.28577 1.06064 curveto
27.00447 0.77934 26.8464 0.39784 26.8464 0 curveto
26.8464 -0.39784 27.00447 -0.77934 27.28577 -1.06064 curveto
27.56706 -1.34193 27.94856 -1.5 28.3464 -1.5 curveto
28.74425 -1.5 29.12575 -1.34193 29.40704 -1.06064 curveto
29.68834 -0.77934 29.8464 -0.39784 29.8464 0 curveto closepath fill
 0 0 0 setrgbcolor
newpath 29.8464 0 moveto
29.8464 0.39784 29.68834 0.77934 29.40704 1.06064 curveto
29.12575 1.34193 28.74425 1.5 28.3464 1.5 curveto
27.94856 1.5 27.56706 1.34193 27.28577 1.06064 curveto
27.00447 0.77934 26.8464 0.39784 26.8464 0 curveto
26.8464 -0.39784 27.00447 -0.77934 27.28577 -1.06064 curveto
27.56706 -1.34193 27.94856 -1.5 28.3464 -1.5 curveto
28.74425 -1.5 29.12575 -1.34193 29.40704 -1.06064 curveto
29.68834 -0.77934 29.8464 -0.39784 29.8464 0 curveto closepath stroke
23.16507 12.02846 moveto
(\040) cmr10 9.96265 fshow
 1 1 1 setrgbcolor
newpath 26.04878 14.1732 moveto
26.04878 14.57104 25.89072 14.95255 25.60942 15.23384 curveto
25.32813 15.51514 24.94662 15.6732 24.54878 15.6732 curveto
24.15094 15.6732 23.76944 15.51514 23.48814 15.23384 curveto
23.20685 14.95255 23.04878 14.57104 23.04878 14.1732 curveto
23.04878 13.77536 23.20685 13.39386 23.48814 13.11256 curveto
23.76944 12.83127 24.15094 12.6732 24.54878 12.6732 curveto
24.94662 12.6732 25.32813 12.83127 25.60942 13.11256 curveto
25.89072 13.39386 26.04878 13.77536 26.04878 14.1732 curveto closepath fill
 0 0 0 setrgbcolor
newpath 26.04878 14.1732 moveto
26.04878 14.57104 25.89072 14.95255 25.60942 15.23384 curveto
25.32813 15.51514 24.94662 15.6732 24.54878 15.6732 curveto
24.15094 15.6732 23.76944 15.51514 23.48814 15.23384 curveto
23.20685 14.95255 23.04878 14.57104 23.04878 14.1732 curveto
23.04878 13.77536 23.20685 13.39386 23.48814 13.11256 curveto
23.76944 12.83127 24.15094 12.6732 24.54878 12.6732 curveto
24.94662 12.6732 25.32813 12.83127 25.60942 13.11256 curveto
25.89072 13.39386 26.04878 13.77536 26.04878 14.1732 curveto closepath stroke
12.78949 22.40404 moveto
(\040) cmr10 9.96265 fshow
 1 1 1 setrgbcolor
newpath 15.6732 24.54878 moveto
15.6732 24.94662 15.51514 25.32813 15.23384 25.60942 curveto
14.95255 25.89072 14.57104 26.04878 14.1732 26.04878 curveto
13.77536 26.04878 13.39386 25.89072 13.11256 25.60942 curveto
12.83127 25.32813 12.6732 24.94662 12.6732 24.54878 curveto
12.6732 24.15094 12.83127 23.76944 13.11256 23.48814 curveto
13.39386 23.20685 13.77536 23.04878 14.1732 23.04878 curveto
14.57104 23.04878 14.95255 23.20685 15.23384 23.48814 curveto
15.51514 23.76944 15.6732 24.15094 15.6732 24.54878 curveto closepath fill
 0 0 0 setrgbcolor
newpath 15.6732 24.54878 moveto
15.6732 24.94662 15.51514 25.32813 15.23384 25.60942 curveto
14.95255 25.89072 14.57104 26.04878 14.1732 26.04878 curveto
13.77536 26.04878 13.39386 25.89072 13.11256 25.60942 curveto
12.83127 25.32813 12.6732 24.94662 12.6732 24.54878 curveto
12.6732 24.15094 12.83127 23.76944 13.11256 23.48814 curveto
13.39386 23.20685 13.77536 23.04878 14.1732 23.04878 curveto
14.57104 23.04878 14.95255 23.20685 15.23384 23.48814 curveto
15.51514 23.76944 15.6732 24.15094 15.6732 24.54878 curveto closepath stroke
-1.38371 26.20166 moveto
(\040) cmr10 9.96265 fshow
 1 1 1 setrgbcolor
newpath 1.5 28.3464 moveto
1.5 28.74425 1.34193 29.12575 1.06064 29.40704 curveto
0.77934 29.68834 0.39784 29.8464 0 29.8464 curveto
-0.39784 29.8464 -0.77934 29.68834 -1.06064 29.40704 curveto
-1.34193 29.12575 -1.5 28.74425 -1.5 28.3464 curveto
-1.5 27.94856 -1.34193 27.56706 -1.06064 27.28577 curveto
-0.77934 27.00447 -0.39784 26.8464 0 26.8464 curveto
0.39784 26.8464 0.77934 27.00447 1.06064 27.28577 curveto
1.34193 27.56706 1.5 27.94856 1.5 28.3464 curveto closepath fill
 0 0 0 setrgbcolor
newpath 1.5 28.3464 moveto
1.5 28.74425 1.34193 29.12575 1.06064 29.40704 curveto
0.77934 29.68834 0.39784 29.8464 0 29.8464 curveto
-0.39784 29.8464 -0.77934 29.68834 -1.06064 29.40704 curveto
-1.34193 29.12575 -1.5 28.74425 -1.5 28.3464 curveto
-1.5 27.94856 -1.34193 27.56706 -1.06064 27.28577 curveto
-0.77934 27.00447 -0.39784 26.8464 0 26.8464 curveto
0.39784 26.8464 0.77934 27.00447 1.06064 27.28577 curveto
1.34193 27.56706 1.5 27.94856 1.5 28.3464 curveto closepath stroke
-15.55692 22.40404 moveto
(\040) cmr10 9.96265 fshow
 1 1 1 setrgbcolor
newpath -12.6732 24.54878 moveto
-12.6732 24.94662 -12.83127 25.32813 -13.11256 25.60942 curveto
-13.39386 25.89072 -13.77536 26.04878 -14.1732 26.04878 curveto
-14.57104 26.04878 -14.95255 25.89072 -15.23384 25.60942 curveto
-15.51514 25.32813 -15.6732 24.94662 -15.6732 24.54878 curveto
-15.6732 24.15094 -15.51514 23.76944 -15.23384 23.48814 curveto
-14.95255 23.20685 -14.57104 23.04878 -14.1732 23.04878 curveto
-13.77536 23.04878 -13.39386 23.20685 -13.11256 23.48814 curveto
-12.83127 23.76944 -12.6732 24.15094 -12.6732 24.54878 curveto closepath fill
 0 0 0 setrgbcolor
newpath -12.6732 24.54878 moveto
-12.6732 24.94662 -12.83127 25.32813 -13.11256 25.60942 curveto
-13.39386 25.89072 -13.77536 26.04878 -14.1732 26.04878 curveto
-14.57104 26.04878 -14.95255 25.89072 -15.23384 25.60942 curveto
-15.51514 25.32813 -15.6732 24.94662 -15.6732 24.54878 curveto
-15.6732 24.15094 -15.51514 23.76944 -15.23384 23.48814 curveto
-14.95255 23.20685 -14.57104 23.04878 -14.1732 23.04878 curveto
-13.77536 23.04878 -13.39386 23.20685 -13.11256 23.48814 curveto
-12.83127 23.76944 -12.6732 24.15094 -12.6732 24.54878 curveto closepath stroke
-25.9325 12.02846 moveto
(\040) cmr10 9.96265 fshow
 1 1 1 setrgbcolor
newpath -23.04878 14.1732 moveto
-23.04878 14.57104 -23.20685 14.95255 -23.48814 15.23384 curveto
-23.76944 15.51514 -24.15094 15.6732 -24.54878 15.6732 curveto
-24.94662 15.6732 -25.32813 15.51514 -25.60942 15.23384 curveto
-25.89072 14.95255 -26.04878 14.57104 -26.04878 14.1732 curveto
-26.04878 13.77536 -25.89072 13.39386 -25.60942 13.11256 curveto
-25.32813 12.83127 -24.94662 12.6732 -24.54878 12.6732 curveto
-24.15094 12.6732 -23.76944 12.83127 -23.48814 13.11256 curveto
-23.20685 13.39386 -23.04878 13.77536 -23.04878 14.1732 curveto closepath fill
 0 0 0 setrgbcolor
newpath -23.04878 14.1732 moveto
-23.04878 14.57104 -23.20685 14.95255 -23.48814 15.23384 curveto
-23.76944 15.51514 -24.15094 15.6732 -24.54878 15.6732 curveto
-24.94662 15.6732 -25.32813 15.51514 -25.60942 15.23384 curveto
-25.89072 14.95255 -26.04878 14.57104 -26.04878 14.1732 curveto
-26.04878 13.77536 -25.89072 13.39386 -25.60942 13.11256 curveto
-25.32813 12.83127 -24.94662 12.6732 -24.54878 12.6732 curveto
-24.15094 12.6732 -23.76944 12.83127 -23.48814 13.11256 curveto
-23.20685 13.39386 -23.04878 13.77536 -23.04878 14.1732 curveto closepath stroke
-29.73012 -2.14474 moveto
(\040) cmr10 9.96265 fshow
 1 1 1 setrgbcolor
newpath -26.8464 0 moveto
-26.8464 0.39784 -27.00447 0.77934 -27.28577 1.06064 curveto
-27.56706 1.34193 -27.94856 1.5 -28.3464 1.5 curveto
-28.74425 1.5 -29.12575 1.34193 -29.40704 1.06064 curveto
-29.68834 0.77934 -29.8464 0.39784 -29.8464 0 curveto
-29.8464 -0.39784 -29.68834 -0.77934 -29.40704 -1.06064 curveto
-29.12575 -1.34193 -28.74425 -1.5 -28.3464 -1.5 curveto
-27.94856 -1.5 -27.56706 -1.34193 -27.28577 -1.06064 curveto
-27.00447 -0.77934 -26.8464 -0.39784 -26.8464 0 curveto closepath fill
 0 0 0 setrgbcolor
newpath -26.8464 0 moveto
-26.8464 0.39784 -27.00447 0.77934 -27.28577 1.06064 curveto
-27.56706 1.34193 -27.94856 1.5 -28.3464 1.5 curveto
-28.74425 1.5 -29.12575 1.34193 -29.40704 1.06064 curveto
-29.68834 0.77934 -29.8464 0.39784 -29.8464 0 curveto
-29.8464 -0.39784 -29.68834 -0.77934 -29.40704 -1.06064 curveto
-29.12575 -1.34193 -28.74425 -1.5 -28.3464 -1.5 curveto
-27.94856 -1.5 -27.56706 -1.34193 -27.28577 -1.06064 curveto
-27.00447 -0.77934 -26.8464 -0.39784 -26.8464 0 curveto closepath stroke
-25.9325 -16.31795 moveto
(\040) cmr10 9.96265 fshow
 1 1 1 setrgbcolor
newpath -23.04878 -14.1732 moveto
-23.04878 -13.77536 -23.20685 -13.39386 -23.48814 -13.11256 curveto
-23.76944 -12.83127 -24.15094 -12.6732 -24.54878 -12.6732 curveto
-24.94662 -12.6732 -25.32813 -12.83127 -25.60942 -13.11256 curveto
-25.89072 -13.39386 -26.04878 -13.77536 -26.04878 -14.1732 curveto
-26.04878 -14.57104 -25.89072 -14.95255 -25.60942 -15.23384 curveto
-25.32813 -15.51514 -24.94662 -15.6732 -24.54878 -15.6732 curveto
-24.15094 -15.6732 -23.76944 -15.51514 -23.48814 -15.23384 curveto
-23.20685 -14.95255 -23.04878 -14.57104 -23.04878 -14.1732 curveto closepath fill
 0 0 0 setrgbcolor
newpath -23.04878 -14.1732 moveto
-23.04878 -13.77536 -23.20685 -13.39386 -23.48814 -13.11256 curveto
-23.76944 -12.83127 -24.15094 -12.6732 -24.54878 -12.6732 curveto
-24.94662 -12.6732 -25.32813 -12.83127 -25.60942 -13.11256 curveto
-25.89072 -13.39386 -26.04878 -13.77536 -26.04878 -14.1732 curveto
-26.04878 -14.57104 -25.89072 -14.95255 -25.60942 -15.23384 curveto
-25.32813 -15.51514 -24.94662 -15.6732 -24.54878 -15.6732 curveto
-24.15094 -15.6732 -23.76944 -15.51514 -23.48814 -15.23384 curveto
-23.20685 -14.95255 -23.04878 -14.57104 -23.04878 -14.1732 curveto closepath stroke
-15.55692 -26.69353 moveto
(\040) cmr10 9.96265 fshow
 1 1 1 setrgbcolor
newpath -12.6732 -24.54878 moveto
-12.6732 -24.15094 -12.83127 -23.76944 -13.11256 -23.48814 curveto
-13.39386 -23.20685 -13.77536 -23.04878 -14.1732 -23.04878 curveto
-14.57104 -23.04878 -14.95255 -23.20685 -15.23384 -23.48814 curveto
-15.51514 -23.76944 -15.6732 -24.15094 -15.6732 -24.54878 curveto
-15.6732 -24.94662 -15.51514 -25.32813 -15.23384 -25.60942 curveto
-14.95255 -25.89072 -14.57104 -26.04878 -14.1732 -26.04878 curveto
-13.77536 -26.04878 -13.39386 -25.89072 -13.11256 -25.60942 curveto
-12.83127 -25.32813 -12.6732 -24.94662 -12.6732 -24.54878 curveto closepath fill
 0 0 0 setrgbcolor
newpath -12.6732 -24.54878 moveto
-12.6732 -24.15094 -12.83127 -23.76944 -13.11256 -23.48814 curveto
-13.39386 -23.20685 -13.77536 -23.04878 -14.1732 -23.04878 curveto
-14.57104 -23.04878 -14.95255 -23.20685 -15.23384 -23.48814 curveto
-15.51514 -23.76944 -15.6732 -24.15094 -15.6732 -24.54878 curveto
-15.6732 -24.94662 -15.51514 -25.32813 -15.23384 -25.60942 curveto
-14.95255 -25.89072 -14.57104 -26.04878 -14.1732 -26.04878 curveto
-13.77536 -26.04878 -13.39386 -25.89072 -13.11256 -25.60942 curveto
-12.83127 -25.32813 -12.6732 -24.94662 -12.6732 -24.54878 curveto closepath stroke
-1.38371 -30.49115 moveto
(\040) cmr10 9.96265 fshow
 1 1 1 setrgbcolor
newpath 1.5 -28.3464 moveto
1.5 -27.94856 1.34193 -27.56706 1.06064 -27.28577 curveto
0.77934 -27.00447 0.39784 -26.8464 0 -26.8464 curveto
-0.39784 -26.8464 -0.77934 -27.00447 -1.06064 -27.28577 curveto
-1.34193 -27.56706 -1.5 -27.94856 -1.5 -28.3464 curveto
-1.5 -28.74425 -1.34193 -29.12575 -1.06064 -29.40704 curveto
-0.77934 -29.68834 -0.39784 -29.8464 0 -29.8464 curveto
0.39784 -29.8464 0.77934 -29.68834 1.06064 -29.40704 curveto
1.34193 -29.12575 1.5 -28.74425 1.5 -28.3464 curveto closepath fill
 0 0 0 setrgbcolor
newpath 1.5 -28.3464 moveto
1.5 -27.94856 1.34193 -27.56706 1.06064 -27.28577 curveto
0.77934 -27.00447 0.39784 -26.8464 0 -26.8464 curveto
-0.39784 -26.8464 -0.77934 -27.00447 -1.06064 -27.28577 curveto
-1.34193 -27.56706 -1.5 -27.94856 -1.5 -28.3464 curveto
-1.5 -28.74425 -1.34193 -29.12575 -1.06064 -29.40704 curveto
-0.77934 -29.68834 -0.39784 -29.8464 0 -29.8464 curveto
0.39784 -29.8464 0.77934 -29.68834 1.06064 -29.40704 curveto
1.34193 -29.12575 1.5 -28.74425 1.5 -28.3464 curveto closepath stroke
12.78949 -26.69353 moveto
(\040) cmr10 9.96265 fshow
 1 1 1 setrgbcolor
newpath 15.6732 -24.54878 moveto
15.6732 -24.15094 15.51514 -23.76944 15.23384 -23.48814 curveto
14.95255 -23.20685 14.57104 -23.04878 14.1732 -23.04878 curveto
13.77536 -23.04878 13.39386 -23.20685 13.11256 -23.48814 curveto
12.83127 -23.76944 12.6732 -24.15094 12.6732 -24.54878 curveto
12.6732 -24.94662 12.83127 -25.32813 13.11256 -25.60942 curveto
13.39386 -25.89072 13.77536 -26.04878 14.1732 -26.04878 curveto
14.57104 -26.04878 14.95255 -25.89072 15.23384 -25.60942 curveto
15.51514 -25.32813 15.6732 -24.94662 15.6732 -24.54878 curveto closepath fill
 0 0 0 setrgbcolor
newpath 15.6732 -24.54878 moveto
15.6732 -24.15094 15.51514 -23.76944 15.23384 -23.48814 curveto
14.95255 -23.20685 14.57104 -23.04878 14.1732 -23.04878 curveto
13.77536 -23.04878 13.39386 -23.20685 13.11256 -23.48814 curveto
12.83127 -23.76944 12.6732 -24.15094 12.6732 -24.54878 curveto
12.6732 -24.94662 12.83127 -25.32813 13.11256 -25.60942 curveto
13.39386 -25.89072 13.77536 -26.04878 14.1732 -26.04878 curveto
14.57104 -26.04878 14.95255 -25.89072 15.23384 -25.60942 curveto
15.51514 -25.32813 15.6732 -24.94662 15.6732 -24.54878 curveto closepath stroke
23.16507 -16.31795 moveto
(\040) cmr10 9.96265 fshow
 1 1 1 setrgbcolor
newpath 26.04878 -14.1732 moveto
26.04878 -13.77536 25.89072 -13.39386 25.60942 -13.11256 curveto
25.32813 -12.83127 24.94662 -12.6732 24.54878 -12.6732 curveto
24.15094 -12.6732 23.76944 -12.83127 23.48814 -13.11256 curveto
23.20685 -13.39386 23.04878 -13.77536 23.04878 -14.1732 curveto
23.04878 -14.57104 23.20685 -14.95255 23.48814 -15.23384 curveto
23.76944 -15.51514 24.15094 -15.6732 24.54878 -15.6732 curveto
24.94662 -15.6732 25.32813 -15.51514 25.60942 -15.23384 curveto
25.89072 -14.95255 26.04878 -14.57104 26.04878 -14.1732 curveto closepath fill
 0 0 0 setrgbcolor
newpath 26.04878 -14.1732 moveto
26.04878 -13.77536 25.89072 -13.39386 25.60942 -13.11256 curveto
25.32813 -12.83127 24.94662 -12.6732 24.54878 -12.6732 curveto
24.15094 -12.6732 23.76944 -12.83127 23.48814 -13.11256 curveto
23.20685 -13.39386 23.04878 -13.77536 23.04878 -14.1732 curveto
23.04878 -14.57104 23.20685 -14.95255 23.48814 -15.23384 curveto
23.76944 -15.51514 24.15094 -15.6732 24.54878 -15.6732 curveto
24.94662 -15.6732 25.32813 -15.51514 25.60942 -15.23384 curveto
25.89072 -14.95255 26.04878 -14.57104 26.04878 -14.1732 curveto closepath stroke
-1.38371 -2.14474 moveto
(\040) cmr10 9.96265 fshow
 1 1 1 setrgbcolor
newpath 1.5 0 moveto
1.5 0.39784 1.34193 0.77934 1.06064 1.06064 curveto
0.77934 1.34193 0.39784 1.5 0 1.5 curveto
-0.39784 1.5 -0.77934 1.34193 -1.06064 1.06064 curveto
-1.34193 0.77934 -1.5 0.39784 -1.5 0 curveto
-1.5 -0.39784 -1.34193 -0.77934 -1.06064 -1.06064 curveto
-0.77934 -1.34193 -0.39784 -1.5 0 -1.5 curveto
0.39784 -1.5 0.77934 -1.34193 1.06064 -1.06064 curveto
1.34193 -0.77934 1.5 -0.39784 1.5 0 curveto closepath fill
 0 0 0 setrgbcolor
newpath 1.5 0 moveto
1.5 0.39784 1.34193 0.77934 1.06064 1.06064 curveto
0.77934 1.34193 0.39784 1.5 0 1.5 curveto
-0.39784 1.5 -0.77934 1.34193 -1.06064 1.06064 curveto
-1.34193 0.77934 -1.5 0.39784 -1.5 0 curveto
-1.5 -0.39784 -1.34193 -0.77934 -1.06064 -1.06064 curveto
-0.77934 -1.34193 -0.39784 -1.5 0 -1.5 curveto
0.39784 -1.5 0.77934 -1.34193 1.06064 -1.06064 curveto
1.34193 -0.77934 1.5 -0.39784 1.5 0 curveto closepath stroke
showpage
%%EOF
