%!PS
%%BoundingBox: -14 -54 133 54 
%%Creator: MetaPost
%%CreationDate: 2006.04.29:1629
%%Pages: 1
%*Font: cmr10 9.96265 9.96265 31:c3
%*Font: cmmi10 9.96265 9.96265 45:f
%%EndProlog
%%Page: 1 1
 0 0.5 dtransform truncate idtransform setlinewidth pop [] 0 setdash
 1 setlinecap 1 setlinejoin 10 setmiterlimit
newpath 0 0 moveto
39.68486 0 lineto
79.36972 0 lineto
119.05458 0 lineto
79.36972 39.68486 lineto
39.68486 39.68486 lineto
0 0 lineto
39.68486 -39.68486 lineto
79.36972 -39.68486 lineto
119.05458 0 lineto stroke
newpath 39.68486 0 moveto
39.68486 39.68486 lineto
79.36972 0 lineto
79.36972 39.68486 lineto
39.68486 0 lineto
39.68486 -39.68486 lineto
79.36972 0 lineto
79.36972 -39.68486 lineto
 closepath stroke
 1 setgray
newpath 13.229 0 moveto
13.229 3.5087 11.83496 6.87328 9.35413 9.35413 curveto
6.87328 11.83496 3.5087 13.229 0 13.229 curveto
-3.5087 13.229 -6.87328 11.83496 -9.35413 9.35413 curveto
-11.83496 6.87328 -13.229 3.5087 -13.229 0 curveto
-13.229 -3.5087 -11.83496 -6.87328 -9.35413 -9.35413 curveto
-6.87328 -11.83496 -3.5087 -13.229 0 -13.229 curveto
3.5087 -13.229 6.87328 -11.83496 9.35413 -9.35413 curveto
11.83496 -6.87328 13.229 -3.5087 13.229 0 curveto closepath fill
 0 setgray
newpath 13.229 0 moveto
13.229 3.5087 11.83496 6.87328 9.35413 9.35413 curveto
6.87328 11.83496 3.5087 13.229 0 13.229 curveto
-3.5087 13.229 -6.87328 11.83496 -9.35413 9.35413 curveto
-11.83496 6.87328 -13.229 3.5087 -13.229 0 curveto
-13.229 -3.5087 -11.83496 -6.87328 -9.35413 -9.35413 curveto
-6.87328 -11.83496 -3.5087 -13.229 0 -13.229 curveto
3.5087 -13.229 6.87328 -11.83496 9.35413 -9.35413 curveto
11.83496 -6.87328 13.229 -3.5087 13.229 0 curveto closepath stroke
-2.49065 -3.2102 moveto
(2) cmr10 9.96265 fshow
 1 setgray
newpath 52.91386 0 moveto
52.91386 3.5087 51.51982 6.87328 49.03899 9.35413 curveto
46.55814 11.83496 43.19356 13.229 39.68486 13.229 curveto
36.17616 13.229 32.81158 11.83496 30.33073 9.35413 curveto
27.8499 6.87328 26.45586 3.5087 26.45586 0 curveto
26.45586 -3.5087 27.8499 -6.87328 30.33073 -9.35413 curveto
32.81158 -11.83496 36.17616 -13.229 39.68486 -13.229 curveto
43.19356 -13.229 46.55814 -11.83496 49.03899 -9.35413 curveto
51.51982 -6.87328 52.91386 -3.5087 52.91386 0 curveto closepath fill
 0 setgray
newpath 52.91386 0 moveto
52.91386 3.5087 51.51982 6.87328 49.03899 9.35413 curveto
46.55814 11.83496 43.19356 13.229 39.68486 13.229 curveto
36.17616 13.229 32.81158 11.83496 30.33073 9.35413 curveto
27.8499 6.87328 26.45586 3.5087 26.45586 0 curveto
26.45586 -3.5087 27.8499 -6.87328 30.33073 -9.35413 curveto
32.81158 -11.83496 36.17616 -13.229 39.68486 -13.229 curveto
43.19356 -13.229 46.55814 -11.83496 49.03899 -9.35413 curveto
51.51982 -6.87328 52.91386 -3.5087 52.91386 0 curveto closepath stroke
37.19421 -3.2102 moveto
(8) cmr10 9.96265 fshow
 1 setgray
newpath 92.59872 0 moveto
92.59872 3.5087 91.20468 6.87328 88.72385 9.35413 curveto
86.243 11.83496 82.87842 13.229 79.36972 13.229 curveto
75.86102 13.229 72.49644 11.83496 70.0156 9.35413 curveto
67.53476 6.87328 66.14072 3.5087 66.14072 0 curveto
66.14072 -3.5087 67.53476 -6.87328 70.0156 -9.35413 curveto
72.49644 -11.83496 75.86102 -13.229 79.36972 -13.229 curveto
82.87842 -13.229 86.243 -11.83496 88.72385 -9.35413 curveto
91.20468 -6.87328 92.59872 -3.5087 92.59872 0 curveto closepath fill
 0 setgray
newpath 92.59872 0 moveto
92.59872 3.5087 91.20468 6.87328 88.72385 9.35413 curveto
86.243 11.83496 82.87842 13.229 79.36972 13.229 curveto
75.86102 13.229 72.49644 11.83496 70.0156 9.35413 curveto
67.53476 6.87328 66.14072 3.5087 66.14072 0 curveto
66.14072 -3.5087 67.53476 -6.87328 70.0156 -9.35413 curveto
72.49644 -11.83496 75.86102 -13.229 79.36972 -13.229 curveto
82.87842 -13.229 86.243 -11.83496 88.72385 -9.35413 curveto
91.20468 -6.87328 92.59872 -3.5087 92.59872 0 curveto closepath stroke
76.87907 -3.2102 moveto
(1) cmr10 9.96265 fshow
 1 setgray
newpath 92.59872 39.68486 moveto
92.59872 43.19356 91.20468 46.55814 88.72385 49.03899 curveto
86.243 51.51982 82.87842 52.91386 79.36972 52.91386 curveto
75.86102 52.91386 72.49644 51.51982 70.0156 49.03899 curveto
67.53476 46.55814 66.14072 43.19356 66.14072 39.68486 curveto
66.14072 36.17616 67.53476 32.81158 70.0156 30.33073 curveto
72.49644 27.8499 75.86102 26.45586 79.36972 26.45586 curveto
82.87842 26.45586 86.243 27.8499 88.72385 30.33073 curveto
91.20468 32.81158 92.59872 36.17616 92.59872 39.68486 curveto closepath fill
 0 setgray
newpath 92.59872 39.68486 moveto
92.59872 43.19356 91.20468 46.55814 88.72385 49.03899 curveto
86.243 51.51982 82.87842 52.91386 79.36972 52.91386 curveto
75.86102 52.91386 72.49644 51.51982 70.0156 49.03899 curveto
67.53476 46.55814 66.14072 43.19356 66.14072 39.68486 curveto
66.14072 36.17616 67.53476 32.81158 70.0156 30.33073 curveto
72.49644 27.8499 75.86102 26.45586 79.36972 26.45586 curveto
82.87842 26.45586 86.243 27.8499 88.72385 30.33073 curveto
91.20468 32.81158 92.59872 36.17616 92.59872 39.68486 curveto closepath stroke
75.47461 36.28096 moveto
(F) cmmi10 9.96265 fshow
 1 setgray
newpath 52.91386 -39.68486 moveto
52.91386 -36.17616 51.51982 -32.81158 49.03899 -30.33073 curveto
46.55814 -27.8499 43.19356 -26.45586 39.68486 -26.45586 curveto
36.17616 -26.45586 32.81158 -27.8499 30.33073 -30.33073 curveto
27.8499 -32.81158 26.45586 -36.17616 26.45586 -39.68486 curveto
26.45586 -43.19356 27.8499 -46.55814 30.33073 -49.03899 curveto
32.81158 -51.51982 36.17616 -52.91386 39.68486 -52.91386 curveto
43.19356 -52.91386 46.55814 -51.51982 49.03899 -49.03899 curveto
51.51982 -46.55814 52.91386 -43.19356 52.91386 -39.68486 curveto closepath fill
 0 setgray
newpath 52.91386 -39.68486 moveto
52.91386 -36.17616 51.51982 -32.81158 49.03899 -30.33073 curveto
46.55814 -27.8499 43.19356 -26.45586 39.68486 -26.45586 curveto
36.17616 -26.45586 32.81158 -27.8499 30.33073 -30.33073 curveto
27.8499 -32.81158 26.45586 -36.17616 26.45586 -39.68486 curveto
26.45586 -43.19356 27.8499 -46.55814 30.33073 -49.03899 curveto
32.81158 -51.51982 36.17616 -52.91386 39.68486 -52.91386 curveto
43.19356 -52.91386 46.55814 -51.51982 49.03899 -49.03899 curveto
51.51982 -46.55814 52.91386 -43.19356 52.91386 -39.68486 curveto closepath
 stroke
35.76831 -43.08876 moveto
(G) cmmi10 9.96265 fshow
 1 setgray
newpath 92.59872 -39.68486 moveto
92.59872 -36.17616 91.20468 -32.81158 88.72385 -30.33073 curveto
86.243 -27.8499 82.87842 -26.45586 79.36972 -26.45586 curveto
75.86102 -26.45586 72.49644 -27.8499 70.0156 -30.33073 curveto
67.53476 -32.81158 66.14072 -36.17616 66.14072 -39.68486 curveto
66.14072 -43.19356 67.53476 -46.55814 70.0156 -49.03899 curveto
72.49644 -51.51982 75.86102 -52.91386 79.36972 -52.91386 curveto
82.87842 -52.91386 86.243 -51.51982 88.72385 -49.03899 curveto
91.20468 -46.55814 92.59872 -43.19356 92.59872 -39.68486 curveto closepath fill
 0 setgray
newpath 92.59872 -39.68486 moveto
92.59872 -36.17616 91.20468 -32.81158 88.72385 -30.33073 curveto
86.243 -27.8499 82.87842 -26.45586 79.36972 -26.45586 curveto
75.86102 -26.45586 72.49644 -27.8499 70.0156 -30.33073 curveto
67.53476 -32.81158 66.14072 -36.17616 66.14072 -39.68486 curveto
66.14072 -43.19356 67.53476 -46.55814 70.0156 -49.03899 curveto
72.49644 -51.51982 75.86102 -52.91386 79.36972 -52.91386 curveto
82.87842 -52.91386 86.243 -51.51982 88.72385 -49.03899 curveto
91.20468 -46.55814 92.59872 -43.19356 92.59872 -39.68486 curveto closepath
 stroke
74.82426 -43.08876 moveto
(H) cmmi10 9.96265 fshow
 0.6 setgray
newpath 132.28358 0 moveto
132.28358 3.5087 130.88954 6.87328 128.4087 9.35413 curveto
125.92786 11.83496 122.56328 13.229 119.05458 13.229 curveto
115.54588 13.229 112.1813 11.83496 109.70045 9.35413 curveto
107.21962 6.87328 105.82558 3.5087 105.82558 0 curveto
105.82558 -3.5087 107.21962 -6.87328 109.70045 -9.35413 curveto
112.1813 -11.83496 115.54588 -13.229 119.05458 -13.229 curveto
122.56328 -13.229 125.92786 -11.83496 128.4087 -9.35413 curveto
130.88954 -6.87328 132.28358 -3.5087 132.28358 0 curveto closepath fill
 0 setgray
newpath 132.28358 0 moveto
132.28358 3.5087 130.88954 6.87328 128.4087 9.35413 curveto
125.92786 11.83496 122.56328 13.229 119.05458 13.229 curveto
115.54588 13.229 112.1813 11.83496 109.70045 9.35413 curveto
107.21962 6.87328 105.82558 3.5087 105.82558 0 curveto
105.82558 -3.5087 107.21962 -6.87328 109.70045 -9.35413 curveto
112.1813 -11.83496 115.54588 -13.229 119.05458 -13.229 curveto
122.56328 -13.229 125.92786 -11.83496 128.4087 -9.35413 curveto
130.88954 -6.87328 132.28358 -3.5087 132.28358 0 curveto closepath stroke
116.56393 -3.2102 moveto
(7) cmr10 9.96265 fshow
 0.6 setgray
newpath 52.91386 39.68486 moveto
52.91386 43.19356 51.51982 46.55814 49.03899 49.03899 curveto
46.55814 51.51982 43.19356 52.91386 39.68486 52.91386 curveto
36.17616 52.91386 32.81158 51.51982 30.33073 49.03899 curveto
27.8499 46.55814 26.45586 43.19356 26.45586 39.68486 curveto
26.45586 36.17616 27.8499 32.81158 30.33073 30.33073 curveto
32.81158 27.8499 36.17616 26.45586 39.68486 26.45586 curveto
43.19356 26.45586 46.55814 27.8499 49.03899 30.33073 curveto
51.51982 32.81158 52.91386 36.17616 52.91386 39.68486 curveto closepath fill
 0 setgray
newpath 52.91386 39.68486 moveto
52.91386 43.19356 51.51982 46.55814 49.03899 49.03899 curveto
46.55814 51.51982 43.19356 52.91386 39.68486 52.91386 curveto
36.17616 52.91386 32.81158 51.51982 30.33073 49.03899 curveto
27.8499 46.55814 26.45586 43.19356 26.45586 39.68486 curveto
26.45586 36.17616 27.8499 32.81158 30.33073 30.33073 curveto
32.81158 27.8499 36.17616 26.45586 39.68486 26.45586 curveto
43.19356 26.45586 46.55814 27.8499 49.03899 30.33073 curveto
51.51982 32.81158 52.91386 36.17616 52.91386 39.68486 curveto closepath stroke
35.72055 36.28096 moveto
(E) cmmi10 9.96265 fshow
showpage
%%EOF
