%!PS
%%BoundingBox: -68 -59 125 67 
%%HiResBoundingBox: -67.47272 -58.90535 124.26163 66.19499 
%%Creator: MetaPost 1.208
%%CreationDate: 2012.03.13:1353
%%Pages: 1
%*Font: cmmi10 9.96265 9.96265 0c:8000004000020789cdae0601002
%*Font: cmr7 6.97385 6.97385 31:c
%%BeginProlog
%%EndProlog
%%Page: 1 1
 0 0 0 setrgbcolor 0 0.28348 dtransform truncate idtransform setlinewidth pop
 [] 0 setdash 1 setlinecap 1 setlinejoin 10 setmiterlimit
newpath 51.76862 -23.10812 moveto
-5.87257 56.38719 lineto stroke
newpath -56.69281 0 moveto
102.58932 33.27907 lineto stroke
newpath 65.22198 44.0398 moveto
62.64581 38.98965 lineto stroke
newpath 66.60818 43.74445 moveto
64.03201 38.6943 lineto stroke
newpath 14.40144 -12.3474 moveto
11.82527 -17.39754 lineto stroke
newpath 15.78764 -12.64275 moveto
13.21147 -17.69289 lineto stroke
newpath -28.00441 35.80974 moveto
-25.3452 30.80275 lineto stroke
newpath -27.05553 36.86256 moveto
-24.39632 31.85558 lineto stroke
newpath 80.4573 12.70161 moveto
83.11652 7.69463 lineto stroke
newpath 81.40619 13.75444 moveto
84.0654 8.74745 lineto stroke
newpath 56.69281 0 moveto
56.69281 15.03653 50.71867 29.45541 40.08705 40.08705 curveto
29.45541 50.71867 15.03653 56.69281 0 56.69281 curveto
-15.03653 56.69281 -29.45541 50.71867 -40.08705 40.08705 curveto
-50.71867 29.45541 -56.69281 15.03653 -56.69281 0 curveto
-56.69281 -15.03653 -50.71867 -29.45541 -40.08705 -40.08705 curveto
-29.45541 -50.71867 -15.03653 -56.69281 0 -56.69281 curveto
15.03653 -56.69281 29.45541 -50.71867 40.08705 -40.08705 curveto
50.71867 -29.45541 56.69281 -15.03653 56.69281 0 curveto closepath stroke
newpath 113.38562 0 moveto
113.38562 15.03653 107.41148 29.45541 96.77986 40.08705 curveto
86.14822 50.71867 71.72934 56.69281 56.69281 56.69281 curveto
41.65628 56.69281 27.2374 50.71867 16.60576 40.08705 curveto
5.97414 29.45541 0 15.03653 0 0 curveto
0 -15.03653 5.97414 -29.45541 16.60576 -40.08705 curveto
27.2374 -50.71867 41.65628 -56.69281 56.69281 -56.69281 curveto
71.72934 -56.69281 86.14822 -50.71867 96.77986 -40.08705 curveto
107.41148 -29.45541 113.38562 -15.03653 113.38562 0 curveto closepath stroke
 0 0.56693 dtransform truncate idtransform setlinewidth pop
newpath 28.3464 -49.09755 moveto
28.3464 49.09755 lineto
-56.69281 0 lineto
28.3464 -49.09755 lineto
102.58932 33.27907 lineto
-5.87257 56.38719 lineto
-56.69281 0 lineto
51.76862 -23.10812 lineto stroke
 1 1 1 setrgbcolor
newpath 114.51947 0 moveto
114.51947 0.30074 114.4 0.58911 114.18736 0.80174 curveto
113.97473 1.01437 113.68636 1.13385 113.38562 1.13385 curveto
113.08488 1.13385 112.79651 1.01437 112.58388 0.80174 curveto
112.37125 0.58911 112.25177 0.30074 112.25177 0 curveto
112.25177 -0.30074 112.37125 -0.58911 112.58388 -0.80174 curveto
112.79651 -1.01437 113.08488 -1.13385 113.38562 -1.13385 curveto
113.68636 -1.13385 113.97473 -1.01437 114.18736 -0.80174 curveto
114.4 -0.58911 114.51947 -0.30074 114.51947 0 curveto closepath fill
 0 0 0 setrgbcolor
newpath 114.51947 0 moveto
114.51947 0.30074 114.4 0.58911 114.18736 0.80174 curveto
113.97473 1.01437 113.68636 1.13385 113.38562 1.13385 curveto
113.08488 1.13385 112.79651 1.01437 112.58388 0.80174 curveto
112.37125 0.58911 112.25177 0.30074 112.25177 0 curveto
112.25177 -0.30074 112.37125 -0.58911 112.58388 -0.80174 curveto
112.79651 -1.01437 113.08488 -1.13385 113.38562 -1.13385 curveto
113.68636 -1.13385 113.97473 -1.01437 114.18736 -0.80174 curveto
114.4 -0.58911 114.51947 -0.30074 114.51947 0 curveto closepath stroke
 1 1 1 setrgbcolor
newpath 1.13385 0 moveto
1.13385 0.30074 1.01437 0.58911 0.80174 0.80174 curveto
0.58911 1.01437 0.30074 1.13385 0 1.13385 curveto
-0.30074 1.13385 -0.58911 1.01437 -0.80174 0.80174 curveto
-1.01437 0.58911 -1.13385 0.30074 -1.13385 0 curveto
-1.13385 -0.30074 -1.01437 -0.58911 -0.80174 -0.80174 curveto
-0.58911 -1.01437 -0.30074 -1.13385 0 -1.13385 curveto
0.30074 -1.13385 0.58911 -1.01437 0.80174 -0.80174 curveto
1.01437 -0.58911 1.13385 -0.30074 1.13385 0 curveto closepath fill
 0 0 0 setrgbcolor
newpath 1.13385 0 moveto
1.13385 0.30074 1.01437 0.58911 0.80174 0.80174 curveto
0.58911 1.01437 0.30074 1.13385 0 1.13385 curveto
-0.30074 1.13385 -0.58911 1.01437 -0.80174 0.80174 curveto
-1.01437 0.58911 -1.13385 0.30074 -1.13385 0 curveto
-1.13385 -0.30074 -1.01437 -0.58911 -0.80174 -0.80174 curveto
-0.58911 -1.01437 -0.30074 -1.13385 0 -1.13385 curveto
0.30074 -1.13385 0.58911 -1.01437 0.80174 -0.80174 curveto
1.01437 -0.58911 1.13385 -0.30074 1.13385 0 curveto closepath stroke
 1 1 1 setrgbcolor
newpath 57.82666 0 moveto
57.82666 0.30074 57.70718 0.58911 57.49455 0.80174 curveto
57.28192 1.01437 56.99355 1.13385 56.69281 1.13385 curveto
56.39207 1.13385 56.1037 1.01437 55.89107 0.80174 curveto
55.67844 0.58911 55.55896 0.30074 55.55896 0 curveto
55.55896 -0.30074 55.67844 -0.58911 55.89107 -0.80174 curveto
56.1037 -1.01437 56.39207 -1.13385 56.69281 -1.13385 curveto
56.99355 -1.13385 57.28192 -1.01437 57.49455 -0.80174 curveto
57.70718 -0.58911 57.82666 -0.30074 57.82666 0 curveto closepath fill
 0 0 0 setrgbcolor
newpath 57.82666 0 moveto
57.82666 0.30074 57.70718 0.58911 57.49455 0.80174 curveto
57.28192 1.01437 56.99355 1.13385 56.69281 1.13385 curveto
56.39207 1.13385 56.1037 1.01437 55.89107 0.80174 curveto
55.67844 0.58911 55.55896 0.30074 55.55896 0 curveto
55.55896 -0.30074 55.67844 -0.58911 55.89107 -0.80174 curveto
56.1037 -1.01437 56.39207 -1.13385 56.69281 -1.13385 curveto
56.99355 -1.13385 57.28192 -1.01437 57.49455 -0.80174 curveto
57.70718 -0.58911 57.82666 -0.30074 57.82666 0 curveto closepath stroke
 0 setlinecap
newpath 40.67902 -20.74547 moveto
40.05237 -23.68674 40.62006 -26.75616 42.25662 -29.27887 curveto
42.80057 -30.11734 43.44778 -30.87259 44.17754 -31.53033 curveto stroke
newpath 91.49973 35.6419 moveto
90.87303 32.70064 91.44067 29.63118 93.07721 27.10844 curveto
93.62102 26.27016 94.26805 25.51505 94.99759 24.85739 curveto stroke
newpath -11.56578 50.07024 moveto
-9.89035 48.56024 -7.68378 47.77792 -5.43152 47.8949 curveto
-3.17926 48.01187 -1.06561 49.01855 0.44438 50.69398 curveto
1.45227 51.8123 2.13597 53.16725 2.44443 54.61449 curveto stroke
newpath -12.51465 49.01741 moveto
-10.55998 47.25575 -7.98566 46.34303 -5.35802 46.4795 curveto
-2.73036 46.61597 -0.26445 47.79045 1.49721 49.74512 curveto
2.67311 51.04985 3.47076 52.63068 3.83061 54.31914 curveto stroke
-67.47272 -3.4039 moveto
(P) cmmi10 9.96265 fshow
24.3181 -58.90535 moveto
(B) cmmi10 9.96265 fshow
24.6104 52.09755 moveto
(A) cmmi10 9.96265 fshow
104.68932 34.37906 moveto
(C) cmmi10 9.96265 fshow
-10.45953 59.38719 moveto
(K) cmmi10 9.96265 fshow
52.8686 -31.01591 moveto
(L) cmmi10 9.96265 fshow
116.38562 -2.4353 moveto
(Q) cmmi10 9.96265 fshow
-12.5784 -2.65671 moveto
(S) cmmi10 9.96265 fshow
-6.4694 -4.15111 moveto
(1) cmr7 6.97385 fshow
58.69281 -0.6567 moveto
(S) cmmi10 9.96265 fshow
64.8018 -2.1511 moveto
(2) cmr7 6.97385 fshow
-51.84305 -49.10555 moveto
(k) cmmi10 9.96265 fshow
-46.65645 -50.59995 moveto
(1) cmr7 6.97385 fshow
98.87985 -49.10555 moveto
(k) cmmi10 9.96265 fshow
104.06645 -50.59995 moveto
(2) cmr7 6.97385 fshow
showpage
%%EOF
