%!PS
%%BoundingBox: -63 -63 73 73 
%%HiResBoundingBox: -62.64555 -62.64555 72.2661 72.16989 
%%Creator: MetaPost 1.208
%%CreationDate: 2011.10.04:1141
%%Pages: 1
%*Font: cmmi10 9.96265 9.96265 0c:8000004000020789ddae0601002
%*Font: cmr7 6.97385 6.97385 30:e
%%BeginProlog
%%EndProlog
%%Page: 1 1
 0 0 0 setrgbcolor 0 0.56693 dtransform truncate idtransform setlinewidth pop
 [] 0 setdash 1 setlinejoin 10 setmiterlimit
newpath 62.36209 0 moveto
62.36209 16.54019 55.79054 32.40096 44.09575 44.09575 curveto
32.40096 55.79054 16.54019 62.36209 0 62.36209 curveto
-16.54019 62.36209 -32.40096 55.79054 -44.09575 44.09575 curveto
-55.79054 32.40096 -62.36209 16.54019 -62.36209 0 curveto
-62.36209 -16.54019 -55.79054 -32.40096 -44.09575 -44.09575 curveto
-32.40096 -55.79054 -16.54019 -62.36209 0 -62.36209 curveto
16.54019 -62.36209 32.40096 -55.79054 44.09575 -44.09575 curveto
55.79054 -32.40096 62.36209 -16.54019 62.36209 0 curveto closepath stroke
newpath 0 62.36209 moveto
-40.46559 -47.44925 lineto
40.46559 -47.44925 lineto
 closepath stroke
 0.56693 0 dtransform exch truncate exch idtransform pop setlinewidth
 1 setlinecap
newpath 0 62.36209 moveto
0 -62.36209 lineto stroke
 0 0.56693 dtransform truncate idtransform setlinewidth pop
newpath 30.78955 -21.19174 moveto
-40.46559 -47.44925 lineto
58.5148 21.56392 lineto
0 0 lineto
20.23294 7.45584 lineto stroke
newpath 20.23294 7.45584 moveto
-40.46559 -47.44925 lineto stroke
 1 1 1 setrgbcolor
newpath 1.13385 -10.84547 moveto
1.13385 -10.54474 1.01437 -10.25636 0.80174 -10.04373 curveto
0.58911 -9.8311 0.30074 -9.71162 0 -9.71162 curveto
-0.30074 -9.71162 -0.58911 -9.8311 -0.80174 -10.04373 curveto
-1.01437 -10.25636 -1.13385 -10.54474 -1.13385 -10.84547 curveto
-1.13385 -11.14621 -1.01437 -11.43459 -0.80174 -11.64722 curveto
-0.58911 -11.85985 -0.30074 -11.97932 0 -11.97932 curveto
0.30074 -11.97932 0.58911 -11.85985 0.80174 -11.64722 curveto
1.01437 -11.43459 1.13385 -11.14621 1.13385 -10.84547 curveto closepath fill
 0 0 0 setrgbcolor
newpath 1.13385 -10.84547 moveto
1.13385 -10.54474 1.01437 -10.25636 0.80174 -10.04373 curveto
0.58911 -9.8311 0.30074 -9.71162 0 -9.71162 curveto
-0.30074 -9.71162 -0.58911 -9.8311 -0.80174 -10.04373 curveto
-1.01437 -10.25636 -1.13385 -10.54474 -1.13385 -10.84547 curveto
-1.13385 -11.14621 -1.01437 -11.43459 -0.80174 -11.64722 curveto
-0.58911 -11.85985 -0.30074 -11.97932 0 -11.97932 curveto
0.30074 -11.97932 0.58911 -11.85985 0.80174 -11.64722 curveto
1.01437 -11.43459 1.13385 -11.14621 1.13385 -10.84547 curveto closepath stroke
 1 1 1 setrgbcolor
newpath 1.13385 0 moveto
1.13385 0.30074 1.01437 0.58911 0.80174 0.80174 curveto
0.58911 1.01437 0.30074 1.13385 0 1.13385 curveto
-0.30074 1.13385 -0.58911 1.01437 -0.80174 0.80174 curveto
-1.01437 0.58911 -1.13385 0.30074 -1.13385 0 curveto
-1.13385 -0.30074 -1.01437 -0.58911 -0.80174 -0.80174 curveto
-0.58911 -1.01437 -0.30074 -1.13385 0 -1.13385 curveto
0.30074 -1.13385 0.58911 -1.01437 0.80174 -0.80174 curveto
1.01437 -0.58911 1.13385 -0.30074 1.13385 0 curveto closepath fill
 0 0 0 setrgbcolor
newpath 1.13385 0 moveto
1.13385 0.30074 1.01437 0.58911 0.80174 0.80174 curveto
0.58911 1.01437 0.30074 1.13385 0 1.13385 curveto
-0.30074 1.13385 -0.58911 1.01437 -0.80174 0.80174 curveto
-1.01437 0.58911 -1.13385 0.30074 -1.13385 0 curveto
-1.13385 -0.30074 -1.01437 -0.58911 -0.80174 -0.80174 curveto
-0.58911 -1.01437 -0.30074 -1.13385 0 -1.13385 curveto
0.30074 -1.13385 0.58911 -1.01437 0.80174 -0.80174 curveto
1.01437 -0.58911 1.13385 -0.30074 1.13385 0 curveto closepath stroke
 1 1 1 setrgbcolor
newpath 1.13385 -32.53769 moveto
1.13385 -32.23695 1.01437 -31.94858 0.80174 -31.73595 curveto
0.58911 -31.52332 0.30074 -31.40384 0 -31.40384 curveto
-0.30074 -31.40384 -0.58911 -31.52332 -0.80174 -31.73595 curveto
-1.01437 -31.94858 -1.13385 -32.23695 -1.13385 -32.53769 curveto
-1.13385 -32.83842 -1.01437 -33.1268 -0.80174 -33.33943 curveto
-0.58911 -33.55206 -0.30074 -33.67154 0 -33.67154 curveto
0.30074 -33.67154 0.58911 -33.55206 0.80174 -33.33943 curveto
1.01437 -33.1268 1.13385 -32.83842 1.13385 -32.53769 curveto closepath fill
 0 0 0 setrgbcolor
newpath 1.13385 -32.53769 moveto
1.13385 -32.23695 1.01437 -31.94858 0.80174 -31.73595 curveto
0.58911 -31.52332 0.30074 -31.40384 0 -31.40384 curveto
-0.30074 -31.40384 -0.58911 -31.52332 -0.80174 -31.73595 curveto
-1.01437 -31.94858 -1.13385 -32.23695 -1.13385 -32.53769 curveto
-1.13385 -32.83842 -1.01437 -33.1268 -0.80174 -33.33943 curveto
-0.58911 -33.55206 -0.30074 -33.67154 0 -33.67154 curveto
0.30074 -33.67154 0.58911 -33.55206 0.80174 -33.33943 curveto
1.01437 -33.1268 1.13385 -32.83842 1.13385 -32.53769 curveto closepath stroke
 1 1 1 setrgbcolor
newpath 1.13326 -19.23537 moveto
1.13326 -18.93463 1.01378 -18.64626 0.80115 -18.43362 curveto
0.58852 -18.221 0.30014 -18.10152 -0.0006 -18.10152 curveto
-0.30133 -18.10152 -0.5897 -18.221 -0.80234 -18.43362 curveto
-1.01497 -18.64626 -1.13445 -18.93463 -1.13445 -19.23537 curveto
-1.13445 -19.5361 -1.01497 -19.82448 -0.80234 -20.03711 curveto
-0.5897 -20.24974 -0.30133 -20.36922 -0.0006 -20.36922 curveto
0.30014 -20.36922 0.58852 -20.24974 0.80115 -20.03711 curveto
1.01378 -19.82448 1.13326 -19.5361 1.13326 -19.23537 curveto closepath fill
 0 0 0 setrgbcolor
newpath 1.13326 -19.23537 moveto
1.13326 -18.93463 1.01378 -18.64626 0.80115 -18.43362 curveto
0.58852 -18.221 0.30014 -18.10152 -0.0006 -18.10152 curveto
-0.30133 -18.10152 -0.5897 -18.221 -0.80234 -18.43362 curveto
-1.01497 -18.64626 -1.13445 -18.93463 -1.13445 -19.23537 curveto
-1.13445 -19.5361 -1.01497 -19.82448 -0.80234 -20.03711 curveto
-0.5897 -20.24974 -0.30133 -20.36922 -0.0006 -20.36922 curveto
0.30014 -20.36922 0.58852 -20.24974 0.80115 -20.03711 curveto
1.01378 -19.82448 1.13326 -19.5361 1.13326 -19.23537 curveto closepath stroke
newpath 28.24127 -14.2763 moveto
26.4071 -14.95218 24.9168 -16.32901 24.09782 -18.10374 curveto
23.27884 -19.8785 23.19824 -21.90585 23.87411 -23.74002 curveto stroke
 0 1.13385 dtransform truncate idtransform setlinewidth pop
newpath 27.0579 -19.33893 moveto
27.0579 -19.26375 27.02805 -19.19165 26.97488 -19.13849 curveto
26.92172 -19.08533 26.84962 -19.05547 26.77444 -19.05547 curveto
26.69926 -19.05547 26.62717 -19.08533 26.574 -19.13849 curveto
26.52084 -19.19165 26.49098 -19.26375 26.49098 -19.33893 curveto
26.49098 -19.41411 26.52084 -19.4862 26.574 -19.53937 curveto
26.62717 -19.59253 26.69926 -19.62239 26.77444 -19.62239 curveto
26.84962 -19.62239 26.92172 -19.59253 26.97488 -19.53937 curveto
27.02805 -19.4862 27.0579 -19.41411 27.0579 -19.33893 curveto closepath
gsave fill grestore stroke
 0 0.56693 dtransform truncate idtransform setlinewidth pop
newpath 17.68466 14.37128 moveto
15.8505 13.6954 14.36018 12.31857 13.54121 10.54384 curveto
12.72223 8.76909 12.64163 6.74173 13.3175 4.90756 curveto stroke
 0 1.13385 dtransform truncate idtransform setlinewidth pop
newpath 16.5013 9.30865 moveto
16.5013 9.38383 16.47144 9.45593 16.41827 9.5091 curveto
16.36511 9.56226 16.29301 9.59212 16.21783 9.59212 curveto
16.14265 9.59212 16.07056 9.56226 16.0174 9.5091 curveto
15.96423 9.45593 15.93437 9.38383 15.93437 9.30865 curveto
15.93437 9.23347 15.96423 9.16138 16.0174 9.10822 curveto
16.07056 9.05505 16.14265 9.02519 16.21783 9.02519 curveto
16.29301 9.02519 16.36511 9.05505 16.41827 9.10822 curveto
16.47144 9.16138 16.5013 9.23347 16.5013 9.30865 curveto closepath
gsave fill grestore stroke
-50.62218 -56.35704 moveto
(B) cmmi10 9.96265 fshow
42.56558 -56.35704 moveto
(C) cmmi10 9.96265 fshow
-3.73601 65.36209 moveto
(A) cmmi10 9.96265 fshow
61.5148 21.56392 moveto
(M) cmmi10 9.96265 fshow
-10.2056 -10.84547 moveto
(T) cmmi10 9.96265 fshow
-10.876 0 moveto
(O) cmmi10 9.96265 fshow
2.0994 -25.30852 moveto
(S) cmmi10 9.96265 fshow
2.09999 -39.74467 moveto
(V) cmmi10 9.96265 fshow
33.78955 -19.69734 moveto
(B) cmmi10 9.96265 fshow
41.34625 -21.19174 moveto
(0) cmr7 6.97385 fshow
19.49829 13.88487 moveto
(B) cmmi10 9.96265 fshow
27.055 12.39047 moveto
(1) cmr7 6.97385 fshow
showpage
%%EOF
