%!PS
%%BoundingBox: -108 -68 103 72 
%%Creator: MetaPost
%%CreationDate: 2006.04.29:1629
%%Pages: 1
%*Font: cmmi10 9.96265 9.96265 4f:8c000002
%*Font: cmsy7 6.97385 6.97385 30:8
%%EndProlog
%%Page: 1 1
 0.6 setgray
newpath -105.84283 0 moveto
-102.99309 9.00465 -97.39894 16.88857 -94.46138 25.86359 curveto
-91.64584 34.4658 -90.81114 44.46837 -83.32 49.67099 curveto
-74.55899 55.75557 -60.95108 51.2284 -53.88477 59.77586 curveto
-51.9883 62.06984 -50.71034 65.22914 -47.75346 65.79387 curveto
-42.55684 66.78635 -39.45198 58.69221 -34.174 60.27998 curveto
-30.84648 61.28099 -30.38062 65.4124 -28.38704 68.12872 curveto
-21.87569 77.00069 -9.99791 68.73918 0.45508 61.94948 curveto
8.28137 56.86594 17.615 55.08775 26.83542 53.7533 curveto
36.20317 52.39752 45.79866 51.37003 54.17473 46.91682 curveto
61.14331 43.21191 66.79492 37.32832 74.05775 34.21143 curveto
83.21071 30.28337 94.84549 30.4771 100.32607 21.93149 curveto
104.45422 15.49464 102.68512 7.4392 100.75208 0 curveto
98.91039 -7.08766 97.03752 -14.29837 92.79707 -20.28563 curveto
88.52504 -26.31747 82.2602 -30.49634 76.83757 -35.49557 curveto
70.92273 -40.9486 65.74477 -47.55936 58.16995 -50.37682 curveto
48.08812 -54.12674 36.78795 -50.0031 26.53442 -53.1504 curveto
17.23175 -56.00584 10.24326 -64.46 0.4813 -65.51645 curveto
-8.71245 -66.5114 -18.03622 -60.43063 -26.72403 -64.13751 curveto
-30.55334 -65.77138 -34.33934 -69.05981 -37.98335 -66.99934 curveto
-40.66257 -65.4844 -41.05197 -61.75507 -43.57065 -60.03088 curveto
-47.94753 -57.03467 -52.69452 -61.62009 -57.51054 -63.79803 curveto
-67.99261 -68.53835 -78.65836 -60.51617 -87.19086 -51.97858 curveto
-94.14636 -45.01892 -101.14215 -37.83525 -104.90314 -28.72255 curveto
-108.67102 -19.59312 -108.82326 -9.41759 -105.84283 0 curveto closepath fill
 1 setgray
newpath 22.67725 0 moveto
22.67725 12.0293 17.89792 23.56445 9.39256 32.06981 curveto
0.8872 40.57516 -10.64795 45.35449 -22.67725 45.35449 curveto
-34.70654 45.35449 -46.2417 40.57516 -54.74706 32.06981 curveto
-63.25241 23.56445 -68.03174 12.0293 -68.03174 0 curveto
-68.03174 -12.0293 -63.25241 -23.56445 -54.74706 -32.06981 curveto
-46.2417 -40.57516 -34.70654 -45.35449 -22.67725 -45.35449 curveto
-10.64795 -45.35449 0.8872 -40.57516 9.39256 -32.06981 curveto
17.89792 -23.56445 22.67725 -12.0293 22.67725 0 curveto closepath fill
 0 0.5 dtransform truncate idtransform setlinewidth pop [] 0 setdash
 1 setlinejoin 10 setmiterlimit
newpath 22.67725 0 moveto
22.67725 12.0293 17.89792 23.56445 9.39256 32.06981 curveto
0.8872 40.57516 -10.64795 45.35449 -22.67725 45.35449 curveto
-34.70654 45.35449 -46.2417 40.57516 -54.74706 32.06981 curveto
-63.25241 23.56445 -68.03174 12.0293 -68.03174 0 curveto
-68.03174 -12.0293 -63.25241 -23.56445 -54.74706 -32.06981 curveto
-46.2417 -40.57516 -34.70654 -45.35449 -22.67725 -45.35449 curveto
-10.64795 -45.35449 0.8872 -40.57516 9.39256 -32.06981 curveto
17.89792 -23.56445 22.67725 -12.0293 22.67725 0 curveto closepath stroke
 0 setgray [1.80002 1.80002 ] 0 setdash 1 setlinecap
newpath 22.67725 0 moveto
22.67725 12.0293 17.89792 23.56445 9.39256 32.06981 curveto
0.8872 40.57516 -10.64795 45.35449 -22.67725 45.35449 curveto
-34.70654 45.35449 -46.2417 40.57516 -54.74706 32.06981 curveto
-63.25241 23.56445 -68.03174 12.0293 -68.03174 0 curveto
-68.03174 -12.0293 -63.25241 -23.56445 -54.74706 -32.06981 curveto
-46.2417 -40.57516 -34.70654 -45.35449 -22.67725 -45.35449 curveto
-10.64795 -45.35449 0.8872 -40.57516 9.39256 -32.06981 curveto
17.89792 -23.56445 22.67725 -12.0293 22.67725 0 curveto closepath stroke
 1 setgray 0 1.13385 dtransform truncate idtransform setlinewidth pop
 [] 0 setdash
newpath 68.03174 0 moveto
68.03174 6.01465 65.64207 11.78223 61.3894 16.03491 curveto
57.13672 20.28758 51.36914 22.67725 45.35449 22.67725 curveto
39.33984 22.67725 33.57227 20.28758 29.31958 16.03491 curveto
25.06691 11.78223 22.67725 6.01465 22.67725 0 curveto
22.67725 -6.01465 25.06691 -11.78223 29.31958 -16.03491 curveto
33.57227 -20.28758 39.33984 -22.67725 45.35449 -22.67725 curveto
51.36914 -22.67725 57.13672 -20.28758 61.3894 -16.03491 curveto
65.64207 -11.78223 68.03174 -6.01465 68.03174 0 curveto closepath stroke
 0 setgray 0 0.56693 dtransform truncate idtransform setlinewidth pop
newpath -68.03174 0 moveto
68.03174 0 lineto stroke
 0.56693 0 dtransform exch truncate exch idtransform pop setlinewidth
newpath -45.35449 -1 moveto
-45.35449 1 lineto stroke
newpath 45.35449 -1 moveto
45.35449 1 lineto stroke
 1 setgray
newpath -21.5434 0 moveto
-21.5434 0.30074 -21.66287 0.58911 -21.8755 0.80174 curveto
-22.08813 1.01437 -22.37651 1.13385 -22.67725 1.13385 curveto
-22.97798 1.13385 -23.26636 1.01437 -23.47899 0.80174 curveto
-23.69162 0.58911 -23.8111 0.30074 -23.8111 0 curveto
-23.8111 -0.30074 -23.69162 -0.58911 -23.47899 -0.80174 curveto
-23.26636 -1.01437 -22.97798 -1.13385 -22.67725 -1.13385 curveto
-22.37651 -1.13385 -22.08813 -1.01437 -21.8755 -0.80174 curveto
-21.66287 -0.58911 -21.5434 -0.30074 -21.5434 0 curveto closepath fill
 0 setgray 0 0.56693 dtransform truncate idtransform setlinewidth pop
newpath -21.5434 0 moveto
-21.5434 0.30074 -21.66287 0.58911 -21.8755 0.80174 curveto
-22.08813 1.01437 -22.37651 1.13385 -22.67725 1.13385 curveto
-22.97798 1.13385 -23.26636 1.01437 -23.47899 0.80174 curveto
-23.69162 0.58911 -23.8111 0.30074 -23.8111 0 curveto
-23.8111 -0.30074 -23.69162 -0.58911 -23.47899 -0.80174 curveto
-23.26636 -1.01437 -22.97798 -1.13385 -22.67725 -1.13385 curveto
-22.37651 -1.13385 -22.08813 -1.01437 -21.8755 -0.80174 curveto
-21.66287 -0.58911 -21.5434 -0.30074 -21.5434 0 curveto closepath stroke
 1 setgray
newpath 1.13385 0 moveto
1.13385 0.30074 1.01437 0.58911 0.80174 0.80174 curveto
0.58911 1.01437 0.30074 1.13385 0 1.13385 curveto
-0.30074 1.13385 -0.58911 1.01437 -0.80174 0.80174 curveto
-1.01437 0.58911 -1.13385 0.30074 -1.13385 0 curveto
-1.13385 -0.30074 -1.01437 -0.58911 -0.80174 -0.80174 curveto
-0.58911 -1.01437 -0.30074 -1.13385 0 -1.13385 curveto
0.30074 -1.13385 0.58911 -1.01437 0.80174 -0.80174 curveto
1.01437 -0.58911 1.13385 -0.30074 1.13385 0 curveto closepath fill
 0 setgray
newpath 1.13385 0 moveto
1.13385 0.30074 1.01437 0.58911 0.80174 0.80174 curveto
0.58911 1.01437 0.30074 1.13385 0 1.13385 curveto
-0.30074 1.13385 -0.58911 1.01437 -0.80174 0.80174 curveto
-1.01437 0.58911 -1.13385 0.30074 -1.13385 0 curveto
-1.13385 -0.30074 -1.01437 -0.58911 -0.80174 -0.80174 curveto
-0.58911 -1.01437 -0.30074 -1.13385 0 -1.13385 curveto
0.30074 -1.13385 0.58911 -1.01437 0.80174 -0.80174 curveto
1.01437 -0.58911 1.13385 -0.30074 1.13385 0 curveto closepath stroke
newpath 69.16559 0 moveto
69.16559 0.30074 69.04611 0.58911 68.83348 0.80174 curveto
68.62085 1.01437 68.33247 1.13385 68.03174 1.13385 curveto
67.731 1.13385 67.44263 1.01437 67.23 0.80174 curveto
67.01736 0.58911 66.89789 0.30074 66.89789 0 curveto
66.89789 -0.30074 67.01736 -0.58911 67.23 -0.80174 curveto
67.44263 -1.01437 67.731 -1.13385 68.03174 -1.13385 curveto
68.33247 -1.13385 68.62085 -1.01437 68.83348 -0.80174 curveto
69.04611 -0.58911 69.16559 -0.30074 69.16559 0 curveto closepath
gsave fill grestore stroke
 1 setgray
newpath 23.8111 0 moveto
23.8111 0.30074 23.69162 0.58911 23.47899 0.80174 curveto
23.26636 1.01437 22.97798 1.13385 22.67725 1.13385 curveto
22.37651 1.13385 22.08813 1.01437 21.8755 0.80174 curveto
21.66287 0.58911 21.5434 0.30074 21.5434 0 curveto
21.5434 -0.30074 21.66287 -0.58911 21.8755 -0.80174 curveto
22.08813 -1.01437 22.37651 -1.13385 22.67725 -1.13385 curveto
22.97798 -1.13385 23.26636 -1.01437 23.47899 -0.80174 curveto
23.69162 -0.58911 23.8111 -0.30074 23.8111 0 curveto closepath fill
 0 setgray
newpath 23.8111 0 moveto
23.8111 0.30074 23.69162 0.58911 23.47899 0.80174 curveto
23.26636 1.01437 22.97798 1.13385 22.67725 1.13385 curveto
22.37651 1.13385 22.08813 1.01437 21.8755 0.80174 curveto
21.66287 0.58911 21.5434 0.30074 21.5434 0 curveto
21.5434 -0.30074 21.66287 -0.58911 21.8755 -0.80174 curveto
22.08813 -1.01437 22.37651 -1.13385 22.67725 -1.13385 curveto
22.97798 -1.13385 23.26636 -1.01437 23.47899 -0.80174 curveto
23.69162 -0.58911 23.8111 -0.30074 23.8111 0 curveto closepath stroke
-31.46054 -8.90779 moveto
(S) cmmi10 9.96265 fshow
-9.976 -8.90779 moveto
(O) cmmi10 9.96265 fshow
13.37166 -8.90779 moveto
(T) cmmi10 9.96265 fshow
70.13173 -9.58969 moveto
(O) cmmi10 9.96265 fshow
78.00774 -5.97429 moveto
(0) cmsy7 6.97385 fshow
-52.64706 25.68031 moveto
(m) cmmi10 9.96265 fshow
showpage
%%EOF
