%!PS
%%BoundingBox: -75 -69 75 74 
%%Creator: MetaPost
%%CreationDate: 2006.04.29:1629
%%Pages: 1
%*Font: cmmi10 9.96265 9.96265 41:8
%*Font: cmmi7 6.97385 6.97385 6d:c
%*Font: cmr7 6.97385 6.97385 2b:838
%*Font: cmsy7 6.97385 6.97385 00:8
%%EndProlog
%%Page: 1 1
 0 1.13385 dtransform truncate idtransform setlinewidth pop [] 0 setdash
 1 setlinejoin 10 setmiterlimit
newpath 13.56767 55.04582 moveto
-1.03203 58.64435 -16.46175 56.29448 -29.32887 48.51607 curveto
-42.196 40.73766 -51.4473 28.16737 -55.04582 13.56767 curveto
-58.64435 -1.03203 -56.29448 -16.46175 -48.51607 -29.32887 curveto
-40.73766 -42.196 -28.16737 -51.4473 -13.56767 -55.04582 curveto
1.03203 -58.64435 16.46175 -56.29448 29.32887 -48.51607 curveto
42.196 -40.73766 51.4473 -28.16737 55.04582 -13.56767 curveto
58.64435 1.03203 56.29448 16.46175 48.51607 29.32887 curveto
40.73766 42.196 28.16737 51.4473 13.56767 55.04582 curveto closepath stroke
newpath 14.70152 55.04582 moveto
14.70152 55.34656 14.58205 55.63493 14.36942 55.84756 curveto
14.15678 56.0602 13.86841 56.17967 13.56767 56.17967 curveto
13.26694 56.17967 12.97856 56.0602 12.76593 55.84756 curveto
12.5533 55.63493 12.43382 55.34656 12.43382 55.04582 curveto
12.43382 54.74509 12.5533 54.45671 12.76593 54.24408 curveto
12.97856 54.03145 13.26694 53.91197 13.56767 53.91197 curveto
13.86841 53.91197 14.15678 54.03145 14.36942 54.24408 curveto
14.58205 54.45671 14.70152 54.74509 14.70152 55.04582 curveto closepath
gsave fill grestore stroke
newpath 38.70549 42.45494 moveto
38.70549 42.75568 38.58601 43.04405 38.37338 43.25668 curveto
38.16075 43.46931 37.87238 43.58879 37.57164 43.58879 curveto
37.2709 43.58879 36.98253 43.46931 36.7699 43.25668 curveto
36.55727 43.04405 36.43779 42.75568 36.43779 42.45494 curveto
36.43779 42.1542 36.55727 41.86583 36.7699 41.6532 curveto
36.98253 41.44057 37.2709 41.32109 37.57164 41.32109 curveto
37.87238 41.32109 38.16075 41.44057 38.37338 41.6532 curveto
38.58601 41.86583 38.70549 42.1542 38.70549 42.45494 curveto closepath
gsave fill grestore stroke
newpath 54.16138 20.05295 moveto
54.16138 20.35368 54.0419 20.64206 53.82927 20.85469 curveto
53.61664 21.06732 53.32826 21.1868 53.02753 21.1868 curveto
52.72679 21.1868 52.43842 21.06732 52.22578 20.85469 curveto
52.01315 20.64206 51.89368 20.35368 51.89368 20.05295 curveto
51.89368 19.75221 52.01315 19.46384 52.22578 19.2512 curveto
52.43842 19.03857 52.72679 18.9191 53.02753 18.9191 curveto
53.32826 18.9191 53.61664 19.03857 53.82927 19.2512 curveto
54.0419 19.46384 54.16138 19.75221 54.16138 20.05295 curveto closepath
gsave fill grestore stroke
newpath -12.40422 55.05244 moveto
-12.40422 55.35318 -12.5237 55.64156 -12.73633 55.85419 curveto
-12.94896 56.06682 -13.23734 56.1863 -13.53807 56.1863 curveto
-13.8388 56.1863 -14.12718 56.06682 -14.33981 55.85419 curveto
-14.55244 55.64156 -14.67192 55.35318 -14.67192 55.05244 curveto
-14.67192 54.75171 -14.55244 54.46333 -14.33981 54.2507 curveto
-14.12718 54.03807 -13.8388 53.9186 -13.53807 53.9186 curveto
-13.23734 53.9186 -12.94896 54.03807 -12.73633 54.2507 curveto
-12.5237 54.46333 -12.40422 54.75171 -12.40422 55.05244 curveto closepath
gsave fill grestore stroke
newpath -36.50049 42.39926 moveto
-36.50049 42.7 -36.61996 42.98837 -36.8326 43.201 curveto
-37.04523 43.41364 -37.3336 43.53311 -37.63434 43.53311 curveto
-37.93507 43.53311 -38.22345 43.41364 -38.43608 43.201 curveto
-38.64871 42.98837 -38.76819 42.7 -38.76819 42.39926 curveto
-38.76819 42.09853 -38.64871 41.81015 -38.43608 41.59752 curveto
-38.22345 41.38489 -37.93507 41.26541 -37.63434 41.26541 curveto
-37.3336 41.26541 -37.04523 41.38489 -36.8326 41.59752 curveto
-36.61996 41.81015 -36.50049 42.09853 -36.50049 42.39926 curveto closepath
gsave fill grestore stroke
newpath -51.85727 20.15155 moveto
-51.85727 20.45229 -51.97675 20.74066 -52.18938 20.9533 curveto
-52.40201 21.16592 -52.69038 21.2854 -52.99112 21.2854 curveto
-53.29185 21.2854 -53.58023 21.16592 -53.79286 20.9533 curveto
-54.0055 20.74066 -54.12497 20.45229 -54.12497 20.15155 curveto
-54.12497 19.85081 -54.0055 19.56244 -53.79286 19.34981 curveto
-53.58023 19.13718 -53.29185 19.0177 -52.99112 19.0177 curveto
-52.69038 19.0177 -52.40201 19.13718 -52.18938 19.34981 curveto
-51.97675 19.56244 -51.85727 19.85081 -51.85727 20.15155 curveto closepath
gsave fill grestore stroke
newpath 27.44958 -50.21442 moveto
27.44958 -49.91368 27.33011 -49.6253 27.11748 -49.41267 curveto
26.90485 -49.20004 26.61647 -49.08057 26.31573 -49.08057 curveto
26.015 -49.08057 25.72662 -49.20004 25.51399 -49.41267 curveto
25.30136 -49.6253 25.18188 -49.91368 25.18188 -50.21442 curveto
25.18188 -50.51515 25.30136 -50.80353 25.51399 -51.01616 curveto
25.72662 -51.22879 26.015 -51.34827 26.31573 -51.34827 curveto
26.61647 -51.34827 26.90485 -51.22879 27.11748 -51.01616 curveto
27.33011 -50.80353 27.44958 -50.51515 27.44958 -50.21442 curveto closepath
gsave fill grestore stroke
newpath 1.1798 -56.6932 moveto
1.1798 -56.39247 1.06032 -56.1041 0.84769 -55.89146 curveto
0.63506 -55.67883 0.34668 -55.55936 0.04594 -55.55936 curveto
-0.25479 -55.55936 -0.54317 -55.67883 -0.7558 -55.89146 curveto
-0.96843 -56.1041 -1.0879 -56.39247 -1.0879 -56.6932 curveto
-1.0879 -56.99394 -0.96843 -57.28232 -0.7558 -57.49495 curveto
-0.54317 -57.70758 -0.25479 -57.82706 0.04594 -57.82706 curveto
0.34668 -57.82706 0.63506 -57.70758 0.84769 -57.49495 curveto
1.06032 -57.28232 1.1798 -56.99394 1.1798 -56.6932 curveto closepath
gsave fill grestore stroke
newpath -25.25365 -50.1779 moveto
-25.25365 -49.87717 -25.37312 -49.58879 -25.58575 -49.37616 curveto
-25.79839 -49.16353 -26.08676 -49.04405 -26.3875 -49.04405 curveto
-26.68823 -49.04405 -26.97661 -49.16353 -27.18924 -49.37616 curveto
-27.40187 -49.58879 -27.52135 -49.87717 -27.52135 -50.1779 curveto
-27.52135 -50.47864 -27.40187 -50.76701 -27.18924 -50.97964 curveto
-26.97661 -51.19228 -26.68823 -51.31175 -26.3875 -51.31175 curveto
-26.08676 -51.31175 -25.79839 -51.19228 -25.58575 -50.97964 curveto
-25.37312 -50.76701 -25.25365 -50.47864 -25.25365 -50.1779 curveto closepath
gsave fill grestore stroke
 0 0.56693 dtransform truncate idtransform setlinewidth pop 1 setlinecap
newpath -12.53807 58.05244 moveto
-5.60594 64.98457 5.6343 64.9792 12.56767 58.04582 curveto stroke
newpath 8.72455 59.15448 moveto
10.017 58.93532 11.30524 58.56873 12.56767 58.04582 curveto
12.04477 59.30826 11.3931 60.47841 10.63419 61.5473 curveto
 closepath
gsave fill grestore stroke
newpath -36.63434 45.39926 moveto
-20.35806 73.59068 20.31197 73.6176 36.57164 45.45494 curveto stroke
newpath 33.29196 47.74449 moveto
34.4034 47.04172 35.49773 46.27898 36.57164 45.45494 curveto
36.39497 46.79701 36.16054 48.11014 35.87158 49.39299 curveto
 closepath
gsave fill grestore stroke
newpath -53.99112 23.15155 moveto
-45.20123 85.69359 45.22156 85.70949 54.02753 23.05295 curveto stroke
newpath 51.8927 26.43695 moveto
52.62695 25.34952 53.33907 24.2217 54.02753 23.05295 curveto
54.36717 24.3662 54.66113 25.6672 54.91089 26.95532 curveto
 closepath
gsave fill grestore stroke
newpath -31.3875 -50.1779 moveto
-95.96863 -38.79065 -90.23119 73.5409 0.0193 73.48083 curveto
90.20435 73.42082 95.88141 -38.8299 31.31573 -50.21442 curveto stroke
newpath 34.61098 -47.94789 moveto
33.55634 -48.73053 32.45813 -49.4866 31.31573 -50.21442 curveto
32.63815 -50.5076 33.94934 -50.74954 35.24849 -50.94191 curveto
 closepath
gsave fill grestore stroke
newpath 50.45491 -8.61697 moveto
50.45491 -8.5418 50.42503 -8.4697 50.37189 -8.41653 curveto
50.31873 -8.36339 50.24663 -8.33351 50.17145 -8.33351 curveto
50.09627 -8.33351 50.02417 -8.36339 49.97101 -8.41653 curveto
49.91786 -8.4697 49.88799 -8.5418 49.88799 -8.61697 curveto
49.88799 -8.69215 49.91786 -8.76425 49.97101 -8.81741 curveto
50.02417 -8.87056 50.09627 -8.90044 50.17145 -8.90044 curveto
50.24663 -8.90044 50.31873 -8.87056 50.37189 -8.81741 curveto
50.42503 -8.76425 50.45491 -8.69215 50.45491 -8.61697 curveto closepath
gsave fill grestore stroke
newpath 46.98225 -17.75208 moveto
46.98225 -17.6769 46.95238 -17.6048 46.89923 -17.55164 curveto
46.84607 -17.49849 46.77397 -17.46861 46.69879 -17.46861 curveto
46.62361 -17.46861 46.55151 -17.49849 46.49835 -17.55164 curveto
46.4452 -17.6048 46.41533 -17.6769 46.41533 -17.75208 curveto
46.41533 -17.82726 46.4452 -17.89935 46.49835 -17.95251 curveto
46.55151 -18.00566 46.62361 -18.03554 46.69879 -18.03554 curveto
46.77397 -18.03554 46.84607 -18.00566 46.89923 -17.95251 curveto
46.95238 -17.89935 46.98225 -17.82726 46.98225 -17.75208 curveto closepath
gsave fill grestore stroke
newpath 43.5096 -26.88718 moveto
43.5096 -26.812 43.47972 -26.7399 43.42657 -26.68674 curveto
43.37341 -26.63359 43.30132 -26.60371 43.22614 -26.60371 curveto
43.15096 -26.60371 43.07886 -26.63359 43.0257 -26.68674 curveto
42.97255 -26.7399 42.94267 -26.812 42.94267 -26.88718 curveto
42.94267 -26.96236 42.97255 -27.03445 43.0257 -27.08762 curveto
43.07886 -27.14076 43.15096 -27.17064 43.22614 -27.17064 curveto
43.30132 -27.17064 43.37341 -27.14076 43.42657 -27.08762 curveto
43.47972 -27.03445 43.5096 -26.96236 43.5096 -26.88718 curveto closepath
gsave fill grestore stroke
newpath -49.89781 -8.53053 moveto
-49.89781 -8.45535 -49.92769 -8.38326 -49.98083 -8.3301 curveto
-50.034 -8.27695 -50.1061 -8.24707 -50.18127 -8.24707 curveto
-50.25645 -8.24707 -50.32855 -8.27695 -50.38171 -8.3301 curveto
-50.43486 -8.38326 -50.46474 -8.45535 -50.46474 -8.53053 curveto
-50.46474 -8.60571 -50.43486 -8.67781 -50.38171 -8.73097 curveto
-50.32855 -8.78412 -50.25645 -8.814 -50.18127 -8.814 curveto
-50.1061 -8.814 -50.034 -8.78412 -49.98083 -8.73097 curveto
-49.92769 -8.67781 -49.89781 -8.60571 -49.89781 -8.53053 curveto closepath
gsave fill grestore stroke
newpath -46.43921 -17.6737 moveto
-46.43921 -17.59853 -46.46909 -17.52643 -46.52223 -17.47327 curveto
-46.5754 -17.42012 -46.64749 -17.39024 -46.72267 -17.39024 curveto
-46.79785 -17.39024 -46.86995 -17.42012 -46.92311 -17.47327 curveto
-46.97626 -17.52643 -47.00613 -17.59853 -47.00613 -17.6737 curveto
-47.00613 -17.74889 -46.97626 -17.82098 -46.92311 -17.87415 curveto
-46.86995 -17.92729 -46.79785 -17.95717 -46.72267 -17.95717 curveto
-46.64749 -17.95717 -46.5754 -17.92729 -46.52223 -17.87415 curveto
-46.46909 -17.82098 -46.43921 -17.74889 -46.43921 -17.6737 curveto closepath
gsave fill grestore stroke
newpath -42.98062 -26.81686 moveto
-42.98062 -26.74168 -43.0105 -26.66959 -43.06364 -26.61642 curveto
-43.1168 -26.56328 -43.1889 -26.5334 -43.26408 -26.5334 curveto
-43.33926 -26.5334 -43.41136 -26.56328 -43.46452 -26.61642 curveto
-43.51767 -26.66959 -43.54755 -26.74168 -43.54755 -26.81686 curveto
-43.54755 -26.89204 -43.51767 -26.96414 -43.46452 -27.0173 curveto
-43.41136 -27.07045 -43.33926 -27.10033 -43.26408 -27.10033 curveto
-43.1889 -27.10033 -43.1168 -27.07045 -43.06364 -27.0173 curveto
-43.0105 -26.96414 -42.98062 -26.89204 -42.98062 -26.81686 curveto closepath
gsave fill grestore stroke
-19.98558 45.24464 moveto
(A) cmmi10 9.96265 fshow
-12.51358 43.75024 moveto
(n) cmmi7 6.97385 fshow
-35.53435 33.49147 moveto
(A) cmmi10 9.96265 fshow
-28.06235 31.99707 moveto
(n) cmmi7 6.97385 fshow
-23.13745 31.99707 moveto
(\000) cmsy7 6.97385 fshow
-16.91084 31.99707 moveto
(1) cmr7 6.97385 fshow
-50.89113 11.24376 moveto
(A) cmmi10 9.96265 fshow
-43.41913 9.74936 moveto
(n) cmmi7 6.97385 fshow
-38.49423 9.74936 moveto
(\000) cmsy7 6.97385 fshow
-32.26762 9.74936 moveto
(2) cmr7 6.97385 fshow
7.59697 45.23802 moveto
(A) cmmi10 9.96265 fshow
15.06897 43.74362 moveto
(1) cmr7 6.97385 fshow
23.53024 33.54715 moveto
(A) cmmi10 9.96265 fshow
31.00224 32.05275 moveto
(2) cmr7 6.97385 fshow
38.98613 11.14516 moveto
(A) cmmi10 9.96265 fshow
46.45813 9.65076 moveto
(3) cmr7 6.97385 fshow
26.41573 -60.12221 moveto
(A) cmmi10 9.96265 fshow
33.88773 -61.61661 moveto
(m) cmmi7 6.97385 fshow
-7.51756 -66.501 moveto
(A) cmmi10 9.96265 fshow
-0.04556 -67.9954 moveto
(m) cmmi7 6.97385 fshow
7.02403 -67.9954 moveto
(+1) cmr7 6.97385 fshow
-38.951 -59.9857 moveto
(A) cmmi10 9.96265 fshow
-31.479 -61.4801 moveto
(m) cmmi7 6.97385 fshow
-24.40941 -61.4801 moveto
(+2) cmr7 6.97385 fshow
showpage
%%EOF
